193.701462	1029.510646
194.469650	957.239456
195.237793	841.045422
196.005890	675.753203
196.773941	734.847687
197.541962	774.502810
198.309921	410.864148
199.077850	483.012993
199.845718	544.406294
200.613556	384.502400
201.381348	424.428640
202.149094	376.437154
202.916794	276.150611
203.684448	314.106586
204.452057	267.929123
205.219635	224.318047
205.987152	290.691722
206.754639	279.222311
207.522064	196.360702
208.289459	244.874300
209.056808	223.256416
209.824112	184.224589
210.591370	227.004930
211.358582	135.128581
212.125763	187.920384
212.892883	147.203053
213.659973	128.904936
214.427002	163.613218
215.194000	145.984123
215.960953	109.565484
216.727859	93.011611
217.494720	83.736366
218.261536	130.232624
219.028305	102.450623
219.795044	116.415816
220.561722	95.120692
221.328369	129.175358
222.094955	97.005791
222.861511	91.594779
223.628021	68.596613
224.394485	83.397422
225.160904	91.381500
225.927277	82.266954
226.693604	77.845937
227.459900	61.612364
228.226135	66.128135
228.992340	56.013754
229.758484	65.220817
230.524597	74.104173
231.290665	67.373746
232.056686	59.604882
232.822662	48.317674
233.588593	55.607704
234.354492	51.389572
235.120331	59.370662
235.886124	59.013582
236.651886	51.899378
237.417603	53.571607
238.183273	61.098420
238.948883	45.710158
239.714462	51.836796
240.480011	42.058735
241.245499	50.493168
242.010941	51.074775
242.776352	57.325249
243.541702	43.024332
244.307022	41.597275
245.072281	33.851479
245.837509	43.053720
246.602692	41.739398
247.367828	52.784300
248.132919	40.266504
248.897980	43.950934
249.662979	46.767209
250.427933	65.113679
251.192856	42.846685
251.957733	46.114259
252.722549	53.596337
253.487335	53.893018
254.252075	46.651369
255.016769	48.900991
255.781433	42.784471
256.546021	48.855323
257.310608	36.078548
258.075104	43.451660
258.839600	42.877067
259.604004	45.690891
260.368408	43.484952
261.132751	47.437331
261.897034	43.376132
262.661285	50.827090
263.425507	43.131947
264.189667	45.291225
264.953796	45.956003
265.717865	50.098255
266.481903	48.582635
267.245880	44.623277
268.009827	50.111862
268.773743	50.091024
269.537598	61.394102
270.301392	52.214339
271.065155	52.336955
271.828888	44.787520
272.592560	59.558304
273.356201	57.249306
274.119781	50.640704
274.883331	46.905849
275.646851	56.215610
276.410309	49.988147
277.173706	52.763769
277.937073	43.497480
278.700409	50.531153
279.463684	37.718754
280.226929	57.828152
280.990112	45.758616
281.753265	60.681050
282.516357	41.939482
283.279419	50.687045
284.042450	40.290341
284.805420	53.188830
285.568329	46.122844
286.331238	48.947937
287.094055	40.209103
287.856842	42.603914
288.619598	41.239364
289.382324	36.801995
290.144989	39.684278
290.907593	40.624573
291.670166	40.396234
292.432709	30.739498
293.195190	38.513685
293.957611	36.888957
294.720032	40.894232
295.482361	40.771393
296.244690	39.955860
297.006958	42.543320
297.769165	44.253241
298.531342	37.406515
299.293457	39.334599
300.055573	33.807501
300.817596	42.314367
301.579590	37.691411
302.341553	38.409078
303.103455	40.822204
303.865326	43.894804
304.627167	26.944315
305.388916	41.178245
306.150665	31.601334
306.912354	39.682711
307.674011	42.032995
308.435608	43.371336
309.197144	33.109480
309.958679	42.713063
310.720123	43.052233
311.481567	42.407417
312.242950	41.610313
313.004272	40.993016
313.765564	31.966855
314.526825	37.403243
315.288025	29.744189
316.049164	40.355225
316.810303	38.531747
317.571350	40.559576
318.332397	32.447482
319.093384	37.012252
319.854309	41.217848
320.615204	36.939133
321.376068	37.767149
322.136871	37.164052
322.897614	34.682428
323.658325	46.058575
324.419006	36.375790
325.179626	36.289834
325.940216	42.608721
326.700775	42.828252
327.461243	38.072412
328.221710	37.833249
328.982117	38.368948
329.742493	35.972730
330.502808	35.128484
331.263062	34.453574
332.023315	32.868774
332.783478	41.565872
333.543640	36.922718
334.303741	37.031905
335.063782	43.093294
335.823792	36.012727
336.583771	34.599522
337.343689	36.226456
338.103546	45.611880
338.863403	38.728865
339.623169	39.901203
340.382935	40.909050
341.142609	34.955220
341.902283	31.127836
342.661896	40.276817
343.421448	39.295299
344.180969	42.662224
344.940460	33.259196
345.699890	40.173536
346.459290	37.951931
347.218628	42.546889
347.977936	35.435904
348.737183	39.703959
349.496399	39.990241
350.255585	41.745818
351.014709	36.242324
351.773773	38.339347
352.532806	32.337565
353.291809	41.732150
354.050751	28.693764
354.809662	37.846905
355.568542	34.694292
356.327332	41.287324
357.086121	36.846718
357.844849	35.453117
358.603516	31.867458
359.362152	40.423622
360.120758	36.971449
360.879303	37.751938
361.637817	39.398653
362.396271	50.421377
363.154694	37.014214
363.913086	40.471039
364.671417	42.862706
365.429688	49.450506
366.187927	32.284772
366.946136	40.580428
367.704285	36.815956
368.462402	44.703202
369.220459	37.739143
369.978485	49.402324
370.736450	35.898747
371.494385	44.483242
372.252258	42.636160
373.010101	44.758454
373.767914	38.459553
374.525665	35.106871
375.283386	38.180224
376.041046	40.436049
376.798676	41.520608
377.556244	36.059436
378.313782	38.647091
379.071259	47.348234
379.828705	42.054639
380.586121	51.590769
381.343475	45.745118
382.100800	48.215359
382.858063	42.201970
383.615295	45.110413
384.372467	45.947253
385.129608	50.970316
385.886688	46.607618
386.643738	59.344992
387.400726	53.475177
388.157715	61.703777
388.914612	57.429448
389.671478	64.951013
390.428314	69.897380
391.185089	70.529414
391.941833	63.912699
392.698517	71.365083
393.455170	69.059479
394.211792	77.297417
394.968353	80.112625
395.724854	83.655811
396.481323	84.901878
397.237762	81.951475
397.994141	81.494837
398.750488	94.903233
399.506775	94.349826
400.263031	105.453447
401.019257	103.152488
401.775421	110.036780
402.531525	129.512817
403.287598	162.188381
404.043640	246.516328
404.799622	280.321530
405.555573	198.604392
406.311462	149.734704
407.067322	143.937232
407.823120	152.960723
408.578888	151.149242
409.334625	155.391389
410.090302	162.067763
410.845917	167.516192
411.601532	184.770104
412.357056	201.454686
413.112549	216.655895
413.868011	237.191152
414.623444	257.253859
415.378784	289.741442
416.134125	311.783803
416.889404	347.076849
417.644623	397.158750
418.399841	447.949480
419.154968	499.166007
419.910065	568.977079
420.665131	637.219088
421.420166	711.881472
422.175110	810.703709
422.930054	910.680860
423.684937	1022.013930
424.439758	1142.527648
425.194550	1276.874954
425.949310	1417.324979
426.704010	1574.894775
427.458679	1742.872808
428.213287	1901.893779
428.967865	2115.706386
429.722382	2325.629610
430.476868	2533.095907
431.231323	2783.486481
431.985718	3060.567070
432.740051	3552.473215
433.494385	4627.268460
434.248627	6677.166740
435.002838	11780.545241
435.757019	18117.023925
436.511169	13295.427922
437.265228	7730.505963
438.019287	5744.963258
438.773285	5442.649183
439.527222	5602.314010
440.281158	5816.916693
441.035004	6074.745218
441.788818	6292.400667
442.542603	6525.765674
443.296326	6740.944648
444.050018	6948.306851
444.803680	7119.966084
445.557281	7307.792026
446.310822	7473.251790
447.064331	7557.381543
447.817810	7696.155297
448.571228	7741.047369
449.324615	7788.005368
450.077942	7811.769072
450.831238	7839.270085
451.584473	7806.548400
452.337677	7798.834483
453.090851	7701.235284
453.843964	7654.532932
454.597015	7572.868758
455.350037	7472.239916
456.103027	7375.693596
456.855957	7268.426892
457.608856	7154.244368
458.361694	7016.371667
459.114502	6869.884428
459.867279	6709.613837
460.619995	6579.841597
461.372650	6401.789141
462.125275	6239.103088
462.877869	6069.966001
463.630402	5890.292360
464.382904	5705.835940
465.135345	5512.471498
465.887756	5323.608199
466.640106	5143.212217
467.392426	4961.144052
468.144714	4761.277898
468.896942	4601.703248
469.649139	4424.569060
470.401276	4267.613693
471.153351	4124.762074
471.905426	3982.071407
472.657440	3861.111706
473.409393	3736.087485
474.161316	3640.489045
474.913177	3556.926001
475.665009	3481.437231
476.416809	3421.839456
477.168549	3389.234441
477.920258	3328.906728
478.671906	3280.370393
479.423523	3234.477941
480.175079	3215.548613
480.926605	3190.380227
481.678070	3153.607270
482.429504	3116.967362
483.180908	3104.300888
483.932251	3078.248852
484.683563	3053.294096
485.434814	3063.303995
486.186005	3028.740981
486.937195	3043.871508
487.688324	3054.929157
488.439392	3083.524288
489.190430	3115.314599
489.941406	3187.255932
490.692352	3320.520247
491.443268	3561.022652
492.194122	3570.981158
492.944946	3587.373155
493.695709	3683.412234
494.446442	3818.405287
495.197113	4040.748730
495.947754	4289.075478
496.698364	4556.205224
497.448914	4874.686468
498.199402	5240.714762
498.949860	5658.894564
499.700287	6129.833410
500.450653	6650.910403
501.200989	7224.716644
501.951263	7835.097447
502.701508	8510.890867
503.451721	9237.243422
504.201874	10040.797039
504.951965	10870.537860
505.702026	11756.840368
506.452057	12691.246491
507.202026	13630.316156
507.951965	14595.974108
508.701843	15563.934872
509.451691	16474.836882
510.201477	17352.435043
510.951233	18112.115255
511.700958	18759.701125
512.450623	19337.094727
513.200256	19745.094312
513.949829	20035.950643
514.699341	20221.097076
515.448853	20238.939889
516.198303	20128.393212
516.947693	19924.666255
517.697021	19652.187360
518.446350	19263.880750
519.195618	18841.097880
519.944824	18367.175599
520.694031	17932.796664
521.443176	17420.801741
522.192261	16873.457845
522.941284	16332.815336
523.690308	15880.513529
524.439270	15366.705005
525.188171	14869.585359
525.937012	14386.094583
526.685852	13944.217628
527.434631	13517.786559
528.183411	13040.999334
528.932068	12596.896260
529.680725	12180.868555
530.429321	11729.509725
531.177917	11300.496703
531.926392	10889.944066
532.674866	10573.315201
533.423279	10169.307260
534.171692	9700.300038
534.920044	9199.846528
535.668335	8757.033972
536.416565	8400.419828
537.164795	8096.560032
537.912964	7756.481694
538.661072	7366.291104
539.409119	6976.838746
540.157166	6602.393398
540.905151	6259.761423
541.653076	5948.957859
542.401001	5748.449704
543.148865	5861.203257
543.896667	7432.861248
544.644409	14699.070407
545.392151	38012.414161
546.139832	58025.054878
546.887451	37355.721034
547.635010	16864.292509
548.382568	7432.072512
549.130066	4289.678606
549.877502	3505.353343
550.624939	3217.333021
551.372314	2996.907021
552.119629	2813.761160
552.866882	2659.344821
553.614136	2524.562883
554.361328	2375.318916
555.108459	2231.305597
555.855591	2073.594931
556.602661	1956.854585
557.349670	1831.384808
558.096619	1729.465012
558.843567	1625.626819
559.590454	1550.724090
560.337280	1462.512577
561.084045	1392.526014
561.830811	1334.784608
562.577515	1281.206457
563.324158	1221.691507
564.070801	1167.359576
564.817383	1096.845009
565.563904	1064.215711
566.310364	1004.499853
567.056824	984.547883
567.803223	946.776494
568.549561	914.821739
569.295837	862.125264
570.042114	808.986024
570.788330	766.775927
571.534485	736.941559
572.280640	698.445753
573.026733	686.459162
573.772766	678.411267
574.518738	771.571684
575.264709	1241.241564
576.010620	3110.915058
576.756470	6889.121953
577.502319	6543.165642
578.248047	5957.279077
578.993835	8114.187134
579.739502	5953.032554
580.485107	3478.525680
581.230713	2006.999005
581.976318	1406.041175
582.721802	1153.041107
583.467285	966.595011
584.212708	864.438320
584.958069	884.053812
585.703430	1137.113813
586.448669	1977.900065
587.193909	3121.514880
587.939148	2878.204900
588.684265	1931.774232
589.429382	1402.178754
590.174500	1322.218467
590.919495	1617.175423
591.664490	2266.063823
592.409424	3356.162725
593.154297	4200.070507
593.899170	3715.434072
594.643982	2751.702631
595.388733	2202.965757
596.133423	2027.977645
596.878113	2113.603947
597.622742	2462.351088
598.367310	3179.186616
599.111816	3937.252401
599.856323	4139.100864
600.600769	3655.912785
601.345215	3056.543027
602.089539	2621.898731
602.833862	2438.336905
603.578125	2492.363782
604.322388	2712.662838
605.066528	2959.674217
605.810669	3327.687532
606.554810	3887.185339
607.298828	4781.128797
608.042847	6327.415603
608.786804	9504.241988
609.530701	16809.556907
610.274597	33569.436113
611.018433	57500.742499
611.762207	61379.072665
612.505981	46335.759522
613.249634	34144.035135
613.993286	26963.583847
614.736938	22442.277419
615.480469	17817.738919
616.223999	13629.505479
616.967468	10692.200247
617.710938	8913.473919
618.454285	8076.220933
619.197632	7870.841508
619.940979	8066.879991
620.684204	8606.639797
621.427429	9603.337801
622.170593	11014.273011
622.913696	12565.729786
623.656799	13873.124672
624.399841	14719.952375
625.142822	15143.592162
625.885742	15296.350958
626.628662	15390.549945
627.371521	15612.004167
628.114319	16168.696297
628.857117	17263.254344
629.599854	19505.767016
630.342529	22960.260607
631.085144	25315.894474
631.827759	23819.618820
632.570313	21032.978625
633.312805	18394.883759
634.055237	16232.973688
634.797668	14394.663933
635.540039	12889.431943
636.282349	11748.897160
637.024658	10921.333917
637.766907	10481.214264
638.509094	10517.542757
639.251221	10952.246782
639.993347	11621.564615
640.735413	12079.153638
641.477417	12196.260893
642.219421	11880.328047
642.961304	11562.923193
643.703186	11440.328679
644.445068	11610.564298
645.186829	12097.780536
645.928589	12883.516101
646.670288	13958.625910
647.411987	15557.669001
648.153625	17679.162527
648.895203	20615.814436
649.636719	24280.117634
650.378174	28065.278586
651.119629	29990.535590
651.861023	30383.851182
652.602417	30231.689538
653.343689	29743.718861
654.084961	29553.135754
654.826172	30293.069705
655.567383	32188.746188
656.308472	35209.890343
657.049561	39228.589152
657.790649	43301.219616
658.531616	46520.871625
659.272583	47921.055168
660.013489	47250.905749
660.754395	44913.159012
661.495178	41963.208300
662.235962	38780.647972
662.976746	34930.195164
663.717407	30980.419376
664.458069	27809.350633
665.198669	25487.018668
665.939209	23959.762786
666.679749	22614.979643
667.420227	21026.874601
668.160645	18969.279900
668.901001	16527.968817
669.641357	14112.671380
670.381653	11973.390406
671.121887	10316.296366
671.862122	9062.289731
672.602234	8101.237800
673.342407	7359.415350
674.082458	6740.977082
674.822510	6233.527537
675.562439	5798.047890
676.302429	5489.062578
677.042297	5181.068383
677.782166	4970.376544
678.521973	4764.605971
679.261719	4598.275245
680.001465	4463.242973
680.741150	4311.495300
681.480774	4175.836905
682.220337	4066.837286
682.959900	3944.493158
683.699402	3845.011094
684.438843	3726.159592
685.178223	3695.716903
685.917603	3811.924822
686.656921	4185.965139
687.396179	4652.826060
688.135437	4558.368278
688.874634	4007.913475
689.613770	3486.724839
690.352905	3336.237789
691.091919	3097.350201
691.830933	2750.382834
692.569885	2829.392246
693.308838	3272.515764
694.047729	3173.374375
694.786560	2584.431305
695.525330	2177.889690
696.264099	1895.971081
697.002808	1729.411181
697.741455	1616.076865
698.480042	1566.234011
699.218628	1507.491710
699.957153	1485.547896
700.695618	1462.592282
701.434082	1463.102058
702.172485	1474.426687
702.910828	1566.846137
703.649109	1770.252552
704.387390	2036.883586
705.125610	2606.233802
705.863770	3797.573142
706.601929	5225.900534
707.339966	5617.565091
708.078003	5671.276069
708.816040	6610.843511
709.553955	5446.147260
710.291870	3718.373976
711.029724	3526.856045
711.767578	4750.161787
712.505310	4998.034730
713.243042	3510.414997
713.980774	2148.892337
714.718384	1379.045508
715.455994	970.009622
716.193542	797.724220
716.931030	707.690928
717.668518	675.124552
718.405945	644.839891
719.143311	616.678733
719.880676	582.814929
720.617920	562.730559
721.355164	545.517137
722.092407	539.669550
722.829529	508.422240
723.566650	492.172757
724.303711	465.798056
725.040710	459.084396
725.777710	440.033080
726.514648	430.799372
727.251526	415.653011
727.988403	407.921534
728.725159	381.651445
729.461975	380.294093
730.198669	368.244482
730.935303	351.823304
731.671936	339.863396
732.408508	321.702372
733.145081	314.365792
733.881592	299.818125
734.617981	281.532319
735.354431	289.037005
736.090759	265.418220
736.827087	269.208860
737.563354	255.113562
738.299561	254.952093
739.035767	259.346561
739.771912	260.430981
740.507996	279.794604
741.244080	316.422191
741.980042	374.975296
742.716003	411.851494
743.451965	363.890996
744.187805	293.453373
744.923645	262.040708
745.659424	260.443123
746.395142	281.279737
747.130859	272.276051
747.866516	232.100630
748.602112	212.185087
749.337708	204.677504
750.073242	215.930599
750.808716	215.208257
751.544128	211.313994
752.279480	202.143984
753.014832	196.821270
753.750122	184.262310
754.485413	171.113040
755.220642	164.017515
755.955750	165.663383
756.690918	168.306659
757.425964	164.867349
758.161011	147.765757
758.895996	148.383744
759.630920	139.710165
760.365845	146.015949
761.100708	146.912408
761.835510	149.297971
762.570313	170.195773
763.304993	220.114680
764.039673	208.362691
764.774353	179.428087
765.508911	157.887780
766.243469	155.386882
766.977966	146.108339
767.712402	142.085664
768.446838	141.065157
769.181213	144.844354
769.915527	145.103076
770.649841	154.917351
771.384033	158.187850
772.118225	236.119430
772.852417	289.026923
773.586487	242.166139
774.320557	195.463122
775.054565	167.544299
775.788574	139.781920
776.522461	139.196259
777.256348	127.351027
777.990234	130.786956
778.723999	128.959276
779.457764	123.408468
780.191467	118.945717
780.925110	130.306848
781.658752	122.583526
782.392334	129.350125
783.125854	118.683658
783.859314	127.230981
784.592773	117.570755
785.326172	123.512371
786.059509	120.722605
786.792847	122.303923
787.526123	116.835747
788.259338	127.247085
788.992493	121.701916
789.725647	122.997577
790.458740	113.184932
791.191772	122.425020
791.924744	126.577822
792.657715	136.086127
793.390625	137.140507
794.123535	176.187780
794.856323	187.189307
795.589111	171.845320
796.321838	155.083373
797.054565	156.548995
797.787170	146.624705
798.519775	156.326777
799.252319	146.663691
799.984863	177.871381
800.717346	208.652712
801.449768	233.136042
802.182129	208.166084
802.914490	219.808019
803.646790	261.240549
804.379028	302.110391
805.111206	284.648691
805.843384	268.315099
806.575500	228.684836
807.307556	210.141173
808.039612	177.635261
808.771606	179.707213
809.503540	212.189275
810.235413	323.812007
810.967285	521.878493
811.699097	577.774690
812.430847	370.620743
813.162537	271.944224
813.894226	214.509146
814.625854	191.225513
815.357422	183.294822
816.088989	205.576589
816.820496	189.763492
817.551941	203.320064
818.283325	199.602304
819.014709	250.201209
819.746033	264.190770
820.477295	302.485266
821.208557	298.542492
821.939697	288.051142
822.670837	246.148956
823.401978	238.825262
824.132996	210.159235
824.864014	212.397671
825.594971	250.503672
826.325928	326.964413
827.056824	279.069028
827.787659	263.578589
828.518433	218.876755
829.249146	221.013344
829.979858	223.315050
830.710510	225.335728
831.441162	203.859067
832.171692	218.170656
832.902222	208.669014
833.632690	203.040902
834.363159	196.509900
835.093567	215.428226
835.823914	204.300935
836.554199	223.121079
837.284424	222.395690
838.014648	236.767195
838.744812	232.801617
839.474976	275.354304
840.205017	350.228954
840.935059	424.512921
841.665100	436.080756
842.395020	505.861962
843.124939	376.201216
843.854797	328.697339
844.584595	271.794319
845.314392	282.839183
846.044128	255.246330
846.773804	271.039905
847.503418	268.675471
848.233032	292.680266
848.962585	292.197125
849.692078	322.183771
850.421570	311.582054
851.151001	332.709198
851.880371	379.463123
852.609680	343.250612
853.338989	275.184607
854.068237	253.308573
854.797424	203.363878
855.526550	216.501613
856.255676	185.722048
856.984741	214.335322
857.713745	194.902604
858.442749	207.147700
859.171692	195.099267
859.900574	218.329688
860.629395	217.814180
861.358215	264.337335
862.086975	288.497110
862.815674	328.272650
863.544373	297.025961
864.272949	275.439989
865.001526	245.385470
865.730103	233.550148
866.458557	209.048450
867.187012	211.808697
867.915405	177.361909
868.643799	168.792979
869.372131	159.780441
870.100403	166.478252
870.828613	151.637938
871.556763	155.136374
872.284912	131.519195
873.013000	158.061832
873.741089	148.132386
874.469055	153.366910
875.197021	157.588690
875.924927	185.585736
876.652832	175.095459
877.380615	178.487277
878.108459	185.363442
878.836182	171.728234
879.563843	146.582236
880.291504	164.933784
881.019104	139.366957
881.746704	157.130707
882.474182	131.803143
883.201660	154.979354
883.929138	152.723437
884.656494	162.722545
885.383850	147.012562
886.111145	155.915908
886.838379	147.051856
887.565613	158.383723
888.292786	148.229127
889.019897	178.866790
889.746948	148.598776
890.473999	177.817563
891.200989	159.640080
891.927917	178.834761
892.654846	156.546230
893.381653	179.285238
894.108521	157.069559
894.835266	165.732630
895.562012	155.040091
896.288635	170.011654
897.015320	166.641609
897.741882	178.294233
898.468445	165.319380
899.194946	185.871098
899.921387	155.089558
900.647827	181.863447
901.374146	161.530129
902.100525	173.559532
902.826782	151.127953
903.553040	178.362360
904.279236	161.908686
905.005371	171.654101
905.731445	161.679441
906.457520	190.215677
907.183533	167.198616
907.909485	175.617298
908.635437	159.274373
909.361328	178.939114
910.087158	173.918558
910.812927	237.214586
911.538696	498.103932
912.264404	785.636770
912.990051	536.367736
913.715698	382.001401
914.441284	264.855195
915.166809	229.435868
915.892273	184.402710
916.617737	186.369119
917.343140	154.517568
918.068481	179.421970
918.793762	147.907091
919.519043	171.329270
920.244263	147.774236
920.969421	182.334147
921.694580	200.418871
922.419678	251.450791
923.144714	249.511998
923.869690	347.780611
924.594666	321.814146
925.319580	281.254418
926.044434	227.337711
926.769226	199.650225
927.494019	173.205387
928.218750	189.140130
928.943481	172.846891
929.668091	206.012331
930.392700	156.334964
931.117249	184.530042
931.841797	147.903145
932.566223	178.077904
933.290649	187.625831
934.015076	220.117094
934.739380	193.344964
935.463684	204.343495
936.187927	178.264111
936.912109	207.048000
937.636292	180.506235
938.360413	226.766726
939.084473	205.348246
939.808472	240.332755
940.532471	212.455003
941.256409	238.552243
941.980286	226.682180
942.704163	298.976980
943.427979	256.729569
944.151733	328.975849
944.875427	207.649980
945.599121	253.099640
946.322754	195.630791
947.046326	251.717209
947.769897	199.840160
948.493347	245.454044
949.216797	213.500722
949.940247	248.596584
950.663574	209.533384
951.386902	239.163727
952.110168	223.841051
952.833435	274.242026
953.556580	208.642442
954.279724	244.451290
955.002869	198.266044
955.725891	204.162172
956.448914	168.056358
