193.701462	955.974171
194.469650	907.897216
195.237793	971.777871
196.005890	598.080421
196.773941	552.885403
197.541962	652.705997
198.309921	562.827600
199.077850	411.455512
199.845718	401.879324
200.613556	343.689296
201.381348	299.480021
202.149094	405.817615
202.916794	327.289613
203.684448	242.718726
204.452057	253.126409
205.219635	270.012463
205.987152	241.377947
206.754639	286.538179
207.522064	169.949614
208.289459	199.366686
209.056808	216.087632
209.824112	169.680543
210.591370	223.328737
211.358582	128.154203
212.125763	137.421955
212.892883	156.649238
213.659973	147.641118
214.427002	150.038322
215.194000	139.844604
215.960953	93.913272
216.727859	102.999435
217.494720	99.287405
218.261536	123.348080
219.028305	82.621470
219.795044	130.174049
220.561722	88.508023
221.328369	106.667531
222.094955	107.365633
222.861511	86.153505
223.628021	79.956561
224.394485	69.919051
225.160904	92.599920
225.927277	76.390743
226.693604	74.822794
227.459900	57.237521
228.226135	54.168792
228.992340	60.766437
229.758484	64.237589
230.524597	64.920322
231.290665	48.386599
232.056686	47.446672
232.822662	49.180489
233.588593	57.563754
234.354492	45.407717
235.120331	53.804663
235.886124	41.671872
236.651886	52.405714
237.417603	47.371190
238.183273	51.848460
238.948883	44.992198
239.714462	45.475007
240.480011	49.494533
241.245499	50.263654
242.010941	44.491804
242.776352	46.759419
243.541702	34.107372
244.307022	42.261061
245.072281	38.907220
245.837509	38.901330
246.602692	37.826330
247.367828	47.592402
248.132919	40.051175
248.897980	45.666092
249.662979	40.787840
250.427933	52.559081
251.192856	35.634866
251.957733	55.421725
252.722549	48.743125
253.487335	42.735479
254.252075	36.774728
255.016769	42.394851
255.781433	45.301205
256.546021	46.339170
257.310608	37.127343
258.075104	38.203875
258.839600	40.354886
259.604004	41.058634
260.368408	29.130696
261.132751	34.730903
261.897034	44.014017
262.661285	44.847432
263.425507	34.763062
264.189667	42.918828
264.953796	42.921173
265.717865	48.355707
266.481903	35.233353
267.245880	48.799840
268.009827	48.566562
268.773743	53.415650
269.537598	49.382213
270.301392	53.776306
271.065155	46.074413
271.828888	42.324206
272.592560	50.826072
273.356201	61.051017
274.119781	41.047971
274.883331	46.905849
275.646851	49.133329
276.410309	50.868995
277.173706	45.319918
277.937073	43.279993
278.700409	41.245514
279.463684	37.504442
280.226929	36.993009
280.990112	45.758616
281.753265	41.012020
282.516357	41.731861
283.279419	40.178755
284.042450	38.858705
284.805420	45.068398
285.568329	35.448125
286.331238	44.752400
287.094055	38.822582
287.856842	37.891960
288.619598	37.348858
289.382324	33.333744
290.144989	39.875068
290.907593	40.435621
291.670166	40.957292
292.432709	32.035742
293.195190	32.094738
293.957611	41.250213
294.720032	39.272874
295.482361	38.089065
296.244690	34.805994
297.006958	30.892452
297.769165	37.404525
298.531342	38.105702
299.293457	36.201755
300.055573	32.073783
300.817596	34.196917
301.579590	40.445121
302.341553	35.494104
303.103455	38.601749
303.865326	31.815226
304.627167	28.130543
305.388916	35.102766
306.150665	30.088504
306.912354	32.482894
307.674011	45.035352
308.435608	33.733261
309.197144	37.579260
309.958679	37.270858
310.720123	36.150730
311.481567	36.512950
312.242950	39.978536
313.004272	34.974201
313.765564	33.589538
314.526825	34.326786
315.288025	29.259229
316.049164	33.736968
316.810303	35.146113
317.571350	37.662464
318.332397	33.090007
319.093384	33.647502
319.854309	34.507966
320.615204	45.855475
321.376068	41.892972
322.136871	32.735994
322.897614	31.844775
323.658325	38.198750
324.419006	38.570881
325.179626	44.580184
325.940216	36.833912
326.700775	37.377384
327.461243	26.728387
328.221710	35.972598
328.982117	33.572829
329.742493	35.509562
330.502808	28.349303
331.263062	36.145491
332.023315	32.868774
332.783478	38.651659
333.543640	35.850274
334.303741	33.971417
335.063782	33.160443
335.823792	41.353597
336.583771	37.800358
337.343689	40.640604
338.103546	32.840554
338.863403	31.286847
339.623169	31.556845
340.382935	38.030265
341.142609	31.777473
341.902283	35.509910
342.661896	36.505579
343.421448	39.445855
344.180969	42.061348
344.940460	38.502763
345.699890	35.394528
346.459290	41.226215
347.218628	34.096810
347.977936	35.140605
348.737183	30.292650
349.496399	36.621100
350.255585	35.031456
351.014709	37.115633
351.773773	37.032324
352.532806	36.832921
353.291809	38.254471
354.050751	32.606550
354.809662	36.251825
355.568542	40.791196
356.327332	38.234388
357.086121	37.720553
357.844849	33.556448
358.603516	34.206354
359.362152	34.418664
360.120758	36.531313
360.879303	30.260308
361.637817	35.429386
362.396271	39.543296
363.154694	42.595722
363.913086	34.898940
364.671417	41.984972
365.429688	39.093616
366.187927	30.539649
366.946136	37.102106
367.704285	33.639678
368.462402	35.360089
369.220459	39.025705
369.978485	40.032917
370.736450	39.559011
371.494385	37.371501
372.252258	39.324613
373.010101	36.843849
373.767914	41.428361
374.525665	36.708705
375.283386	37.651778
376.041046	34.939887
376.798676	42.947879
377.556244	32.453492
378.313782	41.462442
379.071259	38.947741
379.828705	38.381192
380.586121	42.004220
381.343475	40.089815
382.100800	40.450808
382.858063	41.577681
383.615295	37.135091
384.372467	45.573698
385.129608	47.356284
385.886688	44.608364
386.643738	50.687900
387.400726	51.457246
388.157715	50.427316
388.914612	56.921222
389.671478	56.816248
390.428314	61.398062
391.185089	64.841558
391.941833	66.428947
392.698517	63.352161
393.455170	73.422443
394.211792	59.058700
394.968353	74.310940
395.724854	78.742107
396.481323	82.210464
397.237762	79.268540
397.994141	81.616653
398.750488	82.842360
399.506775	85.451199
400.263031	92.287005
401.019257	102.421774
401.775421	96.555453
402.531525	120.564219
403.287598	145.115920
404.043640	224.051438
404.799622	256.575530
405.555573	187.754271
406.311462	135.334885
407.067322	138.477143
407.823120	140.415412
408.578888	145.799833
409.334625	138.750343
410.090302	150.182053
410.845917	157.307145
411.601532	173.473167
412.357056	186.380578
413.112549	204.364120
413.868011	215.000933
414.623444	239.421250
415.378784	265.937133
416.134125	304.075149
416.889404	334.045954
417.644623	378.378375
418.399841	417.407470
419.154968	474.717885
419.910065	536.954551
420.665131	608.953727
421.420166	681.323920
422.175110	779.217177
422.930054	859.007507
423.684937	972.521730
424.439758	1085.628467
425.194550	1206.539457
425.949310	1343.581660
426.704010	1493.571370
427.458679	1641.877715
428.213287	1807.806130
428.967865	1980.520890
429.722382	2170.652170
430.476868	2360.784342
431.231323	2596.430176
431.985718	2838.912277
432.740051	3273.379122
433.494385	4187.220072
434.248627	5972.795167
435.002838	10328.534332
435.757019	15794.091114
436.511169	11761.886048
437.265228	6951.372096
438.019287	5255.460805
438.773285	4981.377200
439.527222	5139.338689
440.281158	5338.062609
441.035004	5546.889625
441.788818	5754.180604
442.542603	5930.603423
443.296326	6132.123598
444.050018	6291.432083
444.803680	6459.118739
445.557281	6596.788639
446.310822	6717.821583
447.064331	6833.008949
447.817810	6921.774784
448.571228	6958.090172
449.324615	6999.131900
450.077942	7038.011500
450.831238	7022.061958
451.584473	7007.364764
452.337677	7009.304039
453.090851	6959.515833
453.843964	6888.178266
454.597015	6822.570779
455.350037	6732.363149
456.103027	6627.396840
456.855957	6535.096039
457.608856	6429.578410
458.361694	6299.998806
459.114502	6153.575520
459.867279	6019.395071
460.619995	5895.247204
461.372650	5770.197575
462.125275	5583.139486
462.877869	5425.086424
463.630402	5282.683974
464.382904	5119.120200
465.135345	4943.464171
465.887756	4790.741552
466.640106	4597.313894
467.392426	4440.268356
468.144714	4286.868256
468.896942	4150.346771
469.649139	3978.594893
470.401276	3814.823215
471.153351	3695.815023
471.905426	3577.559839
472.657440	3460.221419
473.409393	3353.806880
474.161316	3271.522986
474.913177	3188.081501
475.665009	3099.382824
476.416809	3066.071818
477.168549	3011.026262
477.920258	2977.810400
478.671906	2937.861786
479.423523	2901.539214
480.175079	2865.394903
480.926605	2855.349901
481.678070	2811.530084
482.429504	2787.492098
483.180908	2778.513520
483.932251	2774.463198
484.683563	2754.634137
485.434814	2745.503641
486.186005	2749.603766
486.937195	2755.799545
487.688324	2773.592737
488.439392	2789.121920
489.190430	2833.723868
489.941406	2904.800220
490.692352	3046.606779
491.443268	3239.535235
492.194122	3293.737181
492.944946	3293.389318
493.695709	3391.124908
494.446442	3538.260799
495.197113	3747.989051
495.947754	3958.592895
496.698364	4222.534406
497.448914	4502.227575
498.199402	4868.678412
498.949860	5242.693161
499.700287	5683.932041
500.450653	6130.847240
501.200989	6632.140852
501.951263	7182.384070
502.701508	7776.449428
503.451721	8464.662764
504.201874	9153.673998
504.951965	9854.109405
505.702026	10672.977211
506.452057	11464.036723
507.202026	12306.972194
507.951965	13131.034359
508.701843	13978.682495
509.451691	14813.023798
510.201477	15535.173041
510.951233	16213.153584
511.700958	16810.958088
512.450623	17297.266942
513.200256	17653.363992
513.949829	17902.525551
514.699341	18042.528736
515.448853	18068.052836
516.198303	17975.836639
516.947693	17804.322887
517.697021	17544.502360
518.446350	17245.838836
519.195618	16860.614302
519.944824	16444.995567
520.694031	16036.135430
521.443176	15584.843524
522.192261	15145.328488
522.941284	14666.659048
523.690308	14205.791253
524.439270	13741.862737
525.188171	13276.125528
525.937012	12873.711176
526.685852	12471.021330
527.434631	12093.801418
528.183411	11718.405241
528.932068	11310.985650
529.680725	10902.340775
530.429321	10531.354211
531.177917	10122.091199
531.926392	9790.137197
532.674866	9453.367170
533.423279	9114.238344
534.171692	8688.329100
534.920044	8245.690088
535.668335	7860.090417
536.416565	7528.770421
537.164795	7228.415730
537.912964	6934.481034
538.661072	6623.602848
539.409119	6264.858470
540.157166	5942.394058
540.905151	5653.909153
541.653076	5386.242682
542.401001	5173.212506
543.148865	5257.694606
543.896667	6754.592592
544.644409	13469.324202
545.392151	34994.199668
546.139832	55340.068201
546.887451	34860.648942
547.635010	15738.894794
548.382568	6901.420307
549.130066	3905.312854
549.877502	3160.036058
550.624939	2889.789175
551.372314	2712.710665
552.119629	2530.484694
552.866882	2411.206728
553.614136	2288.990191
554.361328	2141.071447
555.108459	1999.489679
555.855591	1858.707302
556.602661	1757.824000
557.349670	1659.485873
558.096619	1555.461811
558.843567	1474.604135
559.590454	1394.061330
560.337280	1325.838182
561.084045	1263.045833
561.830811	1202.560002
562.577515	1150.227776
563.324158	1099.978342
564.070801	1050.816687
564.817383	996.237180
565.563904	953.763286
566.310364	923.818904
567.056824	879.944088
567.803223	848.797474
568.549561	818.090733
569.295837	775.264389
570.042114	725.623008
570.788330	688.164237
571.534485	660.318212
572.280640	627.402206
573.026733	606.748844
573.772766	605.348827
574.518738	687.503439
575.264709	1088.334340
576.010620	2653.931675
576.756470	5880.906706
577.502319	5619.899673
578.248047	5107.182247
578.993835	6992.483023
579.739502	5201.165714
580.485107	3046.427351
581.230713	1781.371587
581.976318	1249.866023
582.721802	1036.460292
583.467285	873.363947
584.212708	776.515055
584.958069	791.143698
585.703430	1033.568837
586.448669	1760.332000
587.193909	2765.628011
587.939148	2548.937579
588.684265	1721.531130
589.429382	1270.561515
590.174500	1193.300268
590.919495	1446.156343
591.664490	2018.915623
592.409424	2971.433036
593.154297	3679.222957
593.899170	3281.776521
594.643982	2445.820509
595.388733	1960.632867
596.133423	1822.754866
596.878113	1898.630554
597.622742	2213.463587
598.367310	2834.617059
599.111816	3460.243154
599.856323	3632.087658
600.600769	3218.003607
601.345215	2715.103922
602.089539	2320.279583
602.833862	2189.737922
603.578125	2245.178495
604.322388	2423.295499
605.066528	2664.821622
605.810669	2967.128710
606.554810	3488.746674
607.298828	4294.510218
608.042847	5696.373300
608.786804	8470.833891
609.530701	14793.555830
610.274597	29211.730479
611.018433	49840.144099
611.762207	53402.633557
612.505981	40464.641513
613.249634	29841.585280
613.993286	23609.652066
614.736938	19686.421747
615.480469	15711.097882
616.223999	12083.015820
616.967468	9531.273223
617.710938	7972.828646
618.454285	7236.598847
619.197632	7032.140487
619.940979	7226.348353
620.684204	7673.167516
621.427429	8482.710818
622.170593	9701.301023
622.913696	11068.424990
623.656799	12264.261047
624.399841	13060.889650
625.142822	13458.080735
625.885742	13623.376746
626.628662	13748.708727
627.371521	13910.263917
628.114319	14310.321094
628.857117	15274.218695
629.599854	17167.674489
630.342529	20120.698853
631.085144	22186.543403
631.827759	20963.878916
632.570313	18592.070706
633.312805	16532.286604
634.055237	14670.804672
634.797668	13115.105276
635.540039	11775.210970
636.282349	10665.700045
637.024658	9882.715958
637.766907	9442.386820
638.509094	9388.805428
639.251221	9677.602822
639.993347	10225.540593
640.735413	10626.473574
641.477417	10755.941526
642.219421	10550.635969
642.961304	10295.939760
643.703186	10175.573363
644.445068	10290.274685
645.186829	10697.744635
645.928589	11289.687607
646.670288	12174.742702
647.411987	13466.597382
648.153625	15218.891576
648.895203	17689.826719
649.636719	20815.885537
650.378174	23967.671782
651.119629	25763.507457
651.861023	26207.099405
652.602417	26218.627690
653.343689	25913.184998
654.084961	25710.149944
654.826172	26215.617036
655.567383	27688.863550
656.308472	30121.362151
657.049561	33336.875217
657.790649	36880.078128
658.531616	39652.638991
659.272583	41132.116779
660.013489	40780.068337
660.754395	39041.542878
661.495178	36663.897580
662.235962	34044.323932
662.976746	30695.126035
663.717407	27337.944316
664.458069	24517.801290
665.198669	22444.277453
665.939209	20978.623898
666.679749	19759.445496
667.420227	18417.085039
668.160645	16690.071514
668.901001	14642.801113
669.641357	12589.815678
670.381653	10770.625693
671.121887	9267.477162
671.862122	8133.991745
672.602234	7275.949316
673.342407	6582.298380
674.082458	6048.479354
674.822510	5594.083249
675.562439	5228.684936
676.302429	4902.430804
677.042297	4640.083985
677.782166	4446.093008
678.521973	4261.643910
679.261719	4090.597788
680.001465	3944.284456
680.741150	3840.837602
681.480774	3709.067608
682.220337	3612.289473
682.959900	3521.135106
683.699402	3406.047883
684.438843	3306.695721
685.178223	3258.159856
685.917603	3351.454450
686.656921	3698.932530
687.396179	4077.666350
688.135437	3994.697885
688.874634	3522.632424
689.613770	3098.171916
690.352905	2954.412145
691.091919	2749.236886
691.830933	2460.370033
692.569885	2499.534461
693.308838	2876.790959
694.047729	2815.041512
694.786560	2301.722422
695.525330	1930.201088
696.264099	1693.147833
697.002808	1552.706810
697.741455	1458.912968
698.480042	1402.298288
699.218628	1358.525618
699.957153	1333.024560
700.695618	1297.060690
701.434082	1306.742606
702.172485	1312.473065
702.910828	1410.891668
703.649109	1570.813246
704.387390	1796.872657
705.125610	2291.638835
705.863770	3309.096747
706.601929	4505.126409
707.339966	4841.634080
708.078003	4916.400264
708.816040	5673.942817
709.553955	4686.125390
710.291870	3218.688072
711.029724	3083.423311
711.767578	4108.503574
712.505310	4324.931859
713.243042	3045.963706
713.980774	1875.916005
714.718384	1199.793287
715.455994	862.151410
716.193542	713.476117
716.931030	643.541393
717.668518	600.756688
718.405945	568.653704
719.143311	553.697210
719.880676	528.616853
720.617920	507.966934
721.355164	487.231079
722.092407	477.238931
722.829529	445.012992
723.566650	433.681546
724.303711	413.039428
725.040710	407.931492
725.777710	390.881139
726.514648	387.185655
727.251526	376.241014
727.988403	364.631368
728.725159	346.741100
729.461975	339.618816
730.198669	331.986969
730.935303	319.947584
731.671936	300.904095
732.408508	299.273453
733.145081	276.737968
733.881592	264.106455
734.617981	248.970514
735.354431	254.298914
736.090759	237.840554
736.827087	241.653111
737.563354	224.678487
738.299561	223.794292
739.035767	224.240888
739.771912	232.981255
740.507996	242.889600
741.244080	282.273930
741.980042	327.018147
742.716003	360.111357
743.451965	313.955992
744.187805	265.255310
744.923645	221.352882
745.659424	233.731008
746.395142	251.730032
747.130859	247.256845
747.866516	208.008108
748.602112	189.465996
749.337708	175.857568
750.073242	181.747449
750.808716	183.236873
751.544128	182.299012
752.279480	166.853484
753.014832	168.521101
753.750122	159.265485
754.485413	153.573953
755.220642	141.157931
755.955750	143.861795
756.690918	143.585271
757.425964	143.519696
758.161011	132.714201
758.895996	126.792750
759.630920	119.606942
760.365845	131.734948
761.100708	127.743558
761.835510	132.774298
762.570313	134.811429
763.304993	156.577928
764.039673	144.116311
764.774353	137.885623
765.508911	130.390470
766.243469	138.384511
766.977966	126.548197
767.712402	132.021263
768.446838	125.522826
769.181213	131.190992
769.915527	135.698247
770.649841	130.968775
771.384033	142.758542
772.118225	199.469850
772.852417	244.294773
773.586487	207.830278
774.320557	164.249631
775.054565	144.042610
775.788574	117.471451
776.522461	120.921039
777.256348	112.861988
777.990234	117.019908
778.723999	105.498195
779.457764	112.623708
780.191467	104.906728
780.925110	113.478120
781.658752	98.623316
782.392334	115.668862
783.125854	101.216417
783.859314	110.308634
784.592773	100.460992
785.326172	101.170006
786.059509	101.210278
786.792847	109.882431
787.526123	102.529329
788.259338	111.460793
788.992493	100.939122
789.725647	113.055140
790.458740	99.460654
791.191772	109.435628
791.924744	102.343000
792.657715	115.011565
793.390625	115.727627
794.123535	138.257326
794.856323	134.908241
795.589111	135.282486
796.321838	116.604040
797.054565	131.760684
797.787170	127.878167
798.519775	131.705731
799.252319	126.995497
799.984863	144.435635
800.717346	147.013081
801.449768	172.578998
802.182129	161.315844
802.914490	181.302765
803.646790	205.037403
804.379028	253.416689
805.111206	252.671582
805.843384	223.449870
806.575500	189.310967
807.307556	172.046441
808.039612	138.810788
808.771606	164.273326
809.503540	152.683634
810.235413	200.992946
810.967285	233.528904
811.699097	265.841684
812.430847	200.502729
813.162537	183.353582
813.894226	158.471134
814.625854	163.567417
815.357422	145.865249
816.088989	178.522195
816.820496	156.600940
817.551941	168.475787
818.283325	168.437632
819.014709	201.721242
819.746033	223.086124
820.477295	255.245283
821.208557	245.913608
821.939697	246.739289
822.670837	204.049520
823.401978	208.070339
824.132996	183.225470
824.864014	184.510927
825.594971	192.238089
826.325928	223.147944
827.056824	207.187611
827.787659	204.749232
828.518433	173.213207
829.249146	199.028742
829.979858	180.287477
830.710510	190.638704
831.441162	173.679358
832.171692	186.281184
832.902222	174.704179
833.632690	175.130149
834.363159	170.374083
835.093567	185.551318
835.823914	165.638798
836.554199	193.923979
837.284424	175.866096
838.014648	202.887031
838.744812	198.694396
839.474976	223.725372
840.205017	244.645226
840.935059	267.842729
841.665100	265.878793
842.395020	299.902459
843.124939	236.830823
843.854797	239.088656
844.584595	213.923282
845.314392	227.915061
846.044128	214.607110
846.773804	234.700481
847.503418	222.754925
848.233032	246.679044
848.962585	239.854332
849.692078	271.566370
850.421570	265.737299
851.151001	276.714688
851.880371	261.831583
852.609680	252.106106
853.338989	216.087255
854.068237	212.738833
854.797424	173.961871
855.526550	192.879520
856.255676	164.449919
856.984741	186.219091
857.713745	171.587917
858.442749	184.154100
859.171692	165.352270
859.900574	196.063771
860.629395	192.944816
861.358215	230.958268
862.086975	245.232943
862.815674	298.977433
863.544373	249.118548
864.272949	244.301478
865.001526	206.098584
865.730103	197.830714
866.458557	164.191900
867.187012	174.356010
867.915405	151.323217
868.643799	153.389818
869.372131	142.576625
870.100403	148.988319
870.828613	129.850878
871.556763	140.654053
872.284912	117.906190
873.013000	133.302496
873.741089	114.546815
874.469055	134.559873
875.197021	133.275006
875.924927	153.938960
876.652832	141.213351
877.380615	150.221093
878.108459	141.087273
878.836182	151.295329
879.563843	116.437380
880.291504	138.132044
881.019104	109.748609
881.746704	139.416118
882.474182	123.077499
883.201660	146.267497
883.929138	120.258275
884.656494	127.298395
885.383850	121.176762
886.111145	142.158622
886.838379	125.649943
887.565613	140.887847
888.292786	123.179554
889.019897	156.795824
889.746948	131.550235
890.473999	155.186237
891.200989	135.044370
891.927917	155.407639
892.654846	134.415439
893.381653	154.377984
894.108521	120.678256
894.835266	147.502041
895.562012	133.985264
896.288635	147.888496
897.015320	129.878874
897.741882	155.917224
898.468445	128.340045
899.194946	167.938294
899.921387	134.508953
900.647827	160.888694
901.374146	136.051410
902.100525	153.533432
902.826782	123.470550
903.553040	161.269300
904.279236	144.282546
905.005371	143.852768
905.731445	133.283210
906.457520	160.382923
907.183533	137.932496
907.909485	147.538951
908.635437	120.670151
909.361328	143.048008
910.087158	134.308147
910.812927	174.063499
911.538696	246.667426
912.264404	328.754715
912.990051	243.107621
913.715698	205.999366
914.441284	156.003212
915.166809	178.510315
915.892273	135.228654
916.617737	155.126482
917.343140	126.644872
918.068481	151.293411
918.793762	114.304363
919.519043	140.026043
920.244263	115.624879
920.969421	154.065287
921.694580	137.752689
922.419678	173.905876
923.144714	166.628127
923.869690	274.441101
924.594666	240.248349
925.319580	230.526566
926.044434	183.015902
926.769226	167.331656
927.494019	143.730084
928.218750	156.380565
928.943481	147.381419
929.668091	176.254994
930.392700	128.300213
931.117249	168.325791
931.841797	117.452498
932.566223	152.101089
933.290649	146.961677
934.015076	196.907469
934.739380	146.755816
935.463684	181.638662
936.187927	157.726771
936.912109	190.225350
937.636292	159.678593
938.360413	200.235520
939.084473	160.311033
939.808472	203.530059
940.532471	193.608188
941.256409	222.687931
941.980286	194.386063
942.704163	257.452399
943.427979	227.333053
944.151733	315.322702
944.875427	194.191185
945.599121	229.687923
946.322754	150.004440
947.046326	228.316363
947.769897	194.166465
948.493347	217.367263
949.216797	188.140139
949.940247	208.592536
950.663574	161.222738
951.386902	223.444046
952.110168	206.968610
952.833435	243.403566
953.556580	175.195944
954.279724	198.911114
955.002869	165.392917
955.725891	180.800332
956.448914	157.329357
