193.701462	277.175943
194.469650	675.988688
195.237793	435.774830
196.005890	104.858256
196.773941	384.920217
197.541962	315.422515
198.309921	157.591728
199.077850	176.338077
199.845718	275.707909
200.613556	122.439312
201.381348	168.581469
202.149094	266.260426
202.916794	59.662169
203.684448	141.189324
204.452057	122.862526
205.219635	60.925889
205.987152	180.384595
206.754639	124.369763
207.522064	73.491725
208.289459	170.111792
209.056808	79.880736
209.824112	99.869119
210.591370	91.904830
211.358582	24.410324
212.125763	91.062741
212.892883	49.592472
213.659973	56.957995
214.427002	70.732352
215.194000	66.170374
215.960953	59.347971
216.727859	21.224126
217.494720	35.288897
218.261536	48.191808
219.028305	23.684821
219.795044	66.145350
220.561722	22.381339
221.328369	65.566280
222.094955	26.370506
222.861511	48.518027
223.628021	41.070583
224.394485	37.907919
225.160904	29.648220
225.927277	24.680086
226.693604	43.457684
227.459900	30.988467
228.226135	37.285012
228.992340	7.807978
229.758484	39.001393
230.524597	26.601498
231.290665	29.399453
232.056686	13.937460
232.822662	29.048125
233.588593	12.574607
234.354492	38.610155
235.120331	36.311521
235.886124	18.635868
236.651886	8.354534
237.417603	12.896868
238.183273	26.289360
238.948883	19.145616
239.714462	12.959199
240.480011	14.406859
241.245499	16.066008
242.010941	22.018903
242.776352	31.922296
243.541702	14.935908
244.307022	14.824561
245.072281	9.232222
245.837509	14.642636
246.602692	12.608777
247.367828	20.767594
248.132919	16.795654
248.897980	21.868270
249.662979	19.860048
250.427933	45.324227
251.192856	19.302219
251.957733	29.826195
252.722549	18.568810
253.487335	21.472999
254.252075	14.920032
255.016769	20.357923
255.781433	15.729585
256.546021	19.919553
257.310608	5.873252
258.075104	17.632558
258.839600	13.031265
259.604004	15.160111
260.368408	9.710232
261.132751	11.012238
261.897034	21.900694
262.661285	15.376262
263.425507	10.085580
264.189667	15.744093
264.953796	14.957378
265.717865	16.989843
266.481903	18.163778
267.245880	19.124262
268.009827	20.530410
268.773743	24.380587
269.537598	32.699033
270.301392	13.388292
271.065155	27.957775
271.828888	14.779882
272.592560	28.211828
273.356201	30.190064
274.119781	24.539548
274.883331	14.227366
275.646851	21.468166
276.410309	17.837180
277.173706	30.432215
277.937073	9.134471
278.700409	19.651004
279.463684	8.358133
280.226929	27.000644
280.990112	18.345620
281.753265	18.204315
282.516357	8.927712
283.279419	19.574265
284.042450	11.044053
284.805420	23.955274
285.568329	11.681768
286.331238	22.975562
287.094055	12.874836
287.856842	15.902843
288.619598	19.258005
289.382324	9.826711
290.144989	24.421094
290.907593	17.572490
291.670166	18.701960
292.432709	10.925484
293.195190	13.388091
293.957611	17.445024
294.720032	15.673120
295.482361	12.159889
296.244690	25.216587
297.006958	18.712000
297.769165	21.072972
298.531342	9.089434
299.293457	16.012315
300.055573	12.656141
300.817596	18.825575
301.579590	11.875376
302.341553	19.033070
303.103455	13.835140
303.865326	21.777267
304.627167	3.219761
305.388916	19.745306
306.150665	9.917440
306.912354	21.264575
307.674011	23.351664
308.435608	21.436407
309.197144	7.946275
309.958679	16.821361
310.720123	13.310042
311.481567	23.086663
312.242950	15.828237
313.004272	12.200303
313.765564	12.332391
314.526825	13.439260
315.288025	10.345805
316.049164	11.138042
316.810303	15.315967
317.571350	17.543626
318.332397	7.870924
319.093384	17.304430
319.854309	17.733260
320.615204	14.489056
321.376068	18.566203
322.136871	10.279419
322.897614	12.138850
323.658325	17.920401
324.419006	14.268090
325.179626	21.116929
325.940216	11.549617
326.700775	21.024778
327.461243	6.682097
328.221710	17.986299
328.982117	18.565620
329.742493	11.424816
330.502808	17.564242
331.263062	12.304848
332.023315	12.748169
332.783478	18.865691
333.543640	13.482154
334.303741	15.455464
335.063782	24.450096
335.823792	13.733667
336.583771	16.309026
337.343689	18.265440
338.103546	23.566138
338.863403	12.757744
339.623169	16.537000
340.382935	17.121195
341.142609	15.283451
341.902283	10.426314
342.661896	16.442596
343.421448	16.410680
344.180969	29.593163
344.940460	11.835480
345.699890	24.343072
346.459290	12.650644
347.218628	21.644062
347.977936	12.254917
348.737183	14.705170
349.496399	17.724612
350.255585	24.959912
351.014709	13.099635
351.773773	18.588774
352.532806	9.280736
353.291809	21.735495
354.050751	8.839998
354.809662	12.180613
355.568542	13.209960
356.327332	17.299970
357.086121	14.127002
357.844849	18.674893
358.603516	12.717747
359.362152	20.065349
360.120758	10.563271
360.879303	17.627364
361.637817	16.612119
362.396271	21.315159
363.154694	17.772698
363.913086	15.836494
364.671417	14.190043
365.429688	23.339472
366.187927	7.998479
366.946136	21.594585
367.704285	14.870759
368.462402	22.423471
369.220459	14.581033
369.978485	15.899598
370.736450	14.500278
371.494385	20.777439
372.252258	17.247638
373.010101	23.061520
373.767914	14.978984
374.525665	22.559168
375.283386	13.079039
376.041046	20.545177
376.798676	18.684274
377.556244	16.613097
378.313782	18.171811
379.071259	24.946919
379.828705	20.140625
380.586121	30.273312
381.343475	16.965909
382.100800	22.792715
382.858063	22.724138
383.615295	23.925965
384.372467	17.059007
385.129608	25.298225
385.886688	22.866472
386.643738	29.609764
387.400726	29.638364
388.157715	38.010540
388.914612	25.665373
389.671478	35.843807
390.428314	37.802939
391.185089	37.666246
391.941833	38.750219
392.698517	35.557340
393.455170	39.515984
394.211792	43.549588
394.968353	46.660358
395.724854	53.190846
396.481323	45.142353
397.237762	46.463560
397.994141	48.848176
398.750488	58.233306
399.506775	58.023924
400.263031	59.370900
401.019257	61.867136
401.775421	61.091060
402.531525	77.997915
403.287598	98.106538
404.043640	160.719565
404.799622	187.712130
405.555573	129.140030
406.311462	93.306145
407.067322	95.028778
407.823120	94.722856
408.578888	100.842039
409.334625	98.384562
410.090302	108.526528
410.845917	109.664925
411.601532	120.247211
412.357056	139.435499
413.112549	148.783920
413.868011	163.294535
414.623444	185.501347
415.378784	199.767444
416.134125	228.238661
416.889404	250.896435
417.644623	286.836875
418.399841	323.745306
419.154968	363.489029
419.910065	416.393247
420.665131	471.222517
421.420166	528.138016
422.175110	596.456233
422.930054	670.365055
423.684937	772.870195
424.439758	859.414710
425.194550	959.281616
425.949310	1067.657925
426.704010	1162.993196
427.458679	1297.518601
428.213287	1421.336488
428.967865	1557.981300
429.722382	1704.848645
430.476868	1873.791680
431.231323	2058.486696
431.985718	2261.936677
432.740051	2615.823070
433.494385	3372.329856
434.248627	4763.509061
435.002838	8333.620886
435.757019	12659.902680
436.511169	9320.718317
437.265228	5494.333784
438.019287	4158.208506
438.773285	3965.839436
439.527222	4080.283827
440.281158	4228.504174
441.035004	4423.810763
441.788818	4562.272287
442.542603	4716.135367
443.296326	4862.807895
444.050018	5004.071037
444.803680	5141.205180
445.557281	5241.205171
446.310822	5353.758535
447.064331	5448.184543
447.817810	5501.054986
448.571228	5542.922143
449.324615	5597.779033
450.077942	5622.029494
450.831238	5612.436747
451.584473	5594.567614
452.337677	5579.179226
453.090851	5542.788461
453.843964	5492.458821
454.597015	5421.507974
455.350037	5362.255697
456.103027	5266.253091
456.855957	5190.157530
457.608856	5092.264934
458.361694	4986.555355
459.114502	4892.172097
459.867279	4774.493095
460.619995	4657.671945
461.372650	4545.643613
462.125275	4401.498184
462.877869	4302.925702
463.630402	4166.642187
464.382904	4028.793716
465.135345	3885.315044
465.887756	3737.332062
466.640106	3597.402941
467.392426	3463.008080
468.144714	3316.663523
468.896942	3202.880982
469.649139	3034.478396
470.401276	2911.779917
471.153351	2780.969047
471.905426	2653.181006
472.657440	2521.990536
473.409393	2421.739546
474.161316	2278.849953
474.913177	2181.979063
475.665009	2056.204292
476.416809	1945.953360
477.168549	1853.282558
477.920258	1759.404504
478.671906	1664.452902
479.423523	1576.010785
480.175079	1491.352642
480.926605	1404.676579
481.678070	1330.053615
482.429504	1262.426368
483.180908	1183.575743
483.932251	1133.292714
484.683563	1075.726459
485.434814	1023.677851
486.186005	978.979802
486.937195	943.880238
487.688324	899.618136
488.439392	878.755904
489.190430	841.476129
489.941406	839.966939
490.692352	838.876728
491.443268	855.810583
492.194122	839.962474
492.944946	800.528200
493.695709	790.942598
494.446442	796.167043
495.197113	795.763414
495.947754	812.395110
496.698364	824.405578
497.448914	842.088814
498.199402	874.339550
498.949860	897.676909
499.700287	932.109185
500.450653	962.058053
501.200989	999.909403
501.951263	1032.435998
502.701508	1076.642924
503.451721	1115.808818
504.201874	1151.166100
504.951965	1182.525750
505.702026	1229.229612
506.452057	1255.816901
507.202026	1274.039720
507.951965	1289.031274
508.701843	1304.067830
509.451691	1304.164359
510.201477	1296.668246
510.951233	1265.704861
511.700958	1234.915449
512.450623	1187.318349
513.200256	1149.513480
513.949829	1095.516103
514.699341	1029.710119
515.448853	958.642696
516.198303	892.372175
516.947693	816.462187
517.697021	752.763560
518.446350	696.749028
519.195618	628.873098
519.944824	571.332944
520.694031	521.696054
521.443176	471.408910
522.192261	431.857001
522.941284	392.675538
523.690308	362.849204
524.439270	335.734323
525.188171	309.490198
525.937012	279.531378
526.685852	261.360878
527.434631	246.007844
528.183411	227.949236
528.932068	204.687780
529.680725	195.937265
530.429321	180.182307
531.177917	175.417851
531.926392	158.816244
532.674866	154.460485
533.423279	145.714188
534.171692	137.170287
534.920044	121.433300
535.668335	120.894688
536.416565	108.647768
537.164795	108.484936
537.912964	96.560318
538.661072	97.796736
539.409119	88.032461
540.157166	80.711030
540.905151	80.014866
541.653076	74.304062
542.401001	69.085515
543.148865	76.686974
543.896667	74.828061
544.644409	153.138543
545.392151	354.701074
546.139832	569.015612
546.887451	350.018155
547.635010	165.305606
548.382568	77.819482
549.130066	55.685812
549.877502	39.981295
550.624939	41.910663
551.372314	31.024250
552.119629	35.786964
552.866882	25.550150
553.614136	39.084860
554.361328	28.063661
555.108459	30.867514
555.855591	24.298560
556.602661	26.213784
557.349670	21.509405
558.096619	28.530889
558.843567	20.582008
559.590454	23.723469
560.337280	15.010483
561.084045	22.281820
561.830811	15.958142
562.577515	16.394253
563.324158	15.257990
564.070801	18.692497
564.817383	9.138178
565.563904	19.450188
566.310364	12.344626
567.056824	15.902604
567.803223	9.204894
568.549561	15.870623
569.295837	11.634739
570.042114	12.455520
570.788330	12.032401
571.534485	16.521351
572.280640	11.452864
573.026733	18.649883
573.772766	12.042272
574.518738	17.300218
575.264709	12.832639
576.010620	23.851286
576.756470	39.138084
577.502319	39.649459
578.248047	38.507406
578.993835	45.074218
579.739502	33.949325
580.485107	28.584539
581.230713	10.293729
581.976318	18.034512
582.721802	11.648762
583.467285	17.095476
584.212708	8.520785
584.958069	13.608047
585.703430	10.721278
586.448669	21.766229
587.193909	17.841543
587.939148	26.950370
588.684265	13.542686
589.429382	16.878868
590.174500	10.347632
590.919495	18.622078
591.664490	17.870716
592.409424	23.962403
593.154297	20.259410
593.899170	27.014421
594.643982	17.310493
595.388733	21.208883
596.133423	11.602029
596.878113	17.589596
597.622742	17.112204
598.367310	24.055215
599.111816	19.879348
599.856323	25.126992
600.600769	19.913625
601.345215	22.991569
602.089539	11.464776
602.833862	22.104067
603.578125	15.431109
604.322388	20.250915
605.066528	18.644525
605.810669	20.015008
606.554810	16.858502
607.298828	26.616474
608.042847	25.778503
608.786804	35.184786
609.530701	49.836344
610.274597	101.718225
611.018433	154.278634
611.762207	168.517686
612.505981	123.197485
613.249634	96.262551
613.993286	71.902631
614.736938	68.047021
615.480469	52.193750
616.223999	47.825560
616.967468	37.801249
617.710938	36.542212
618.454285	25.927499
619.197632	33.637741
619.940979	28.089245
620.684204	36.882254
621.427429	35.343001
622.170593	37.706063
622.913696	39.778267
623.656799	46.635145
624.399841	45.471187
625.142822	55.541596
625.885742	49.481234
626.628662	55.451749
627.371521	52.146002
628.114319	61.668495
628.857117	60.926828
629.599854	71.653278
630.342529	79.849493
631.085144	95.429794
631.827759	84.622524
632.570313	87.379111
633.312805	74.499944
634.055237	73.350075
634.797668	63.310208
635.540039	66.522135
636.282349	57.941455
637.024658	57.601341
637.766907	51.766485
638.509094	59.233152
639.251221	58.207970
639.993347	69.493573
640.735413	69.522202
641.477417	74.325962
642.219421	74.573598
642.961304	76.254106
643.703186	70.041992
644.445068	84.884580
645.186829	79.919447
645.928589	96.089946
646.670288	103.140505
647.411987	120.090033
648.153625	137.935573
648.895203	162.683736
649.636719	192.274993
650.378174	232.216858
651.119629	250.689855
651.861023	281.501685
652.602417	266.267466
653.343689	284.191488
654.084961	288.305286
654.826172	316.237719
655.567383	340.633787
656.308472	383.632796
657.049561	434.776788
657.790649	495.405840
658.531616	538.339391
659.272583	583.667381
660.013489	592.564697
660.754395	580.892748
661.495178	554.926567
662.235962	539.064960
662.976746	500.246947
663.717407	454.712392
664.458069	420.573890
665.198669	383.068524
665.939209	375.703650
666.679749	370.165958
667.420227	347.674974
668.160645	317.759794
668.901001	280.265235
669.641357	247.208166
670.381653	213.357874
671.121887	186.896271
671.862122	165.600897
672.602234	155.643591
673.342407	136.289580
674.082458	133.283617
674.822510	116.191977
675.562439	111.298196
676.302429	104.410913
677.042297	106.066670
677.782166	101.395504
678.521973	98.950630
679.261719	95.078579
680.001465	91.652712
680.741150	92.111740
681.480774	90.245764
682.220337	83.603933
682.959900	86.848373
683.699402	76.549140
684.438843	82.914692
685.178223	79.060498
685.917603	79.099888
686.656921	85.030373
687.396179	97.307314
688.135437	99.458143
688.874634	93.803178
689.613770	72.205992
690.352905	78.126029
691.091919	71.450732
691.830933	65.004791
692.569885	69.273482
693.308838	74.121656
694.047729	71.621879
694.786560	64.887674
695.525330	51.643802
696.264099	47.676925
697.002808	40.103916
697.741455	46.125410
698.480042	42.251475
699.218628	39.498585
699.957153	41.607552
700.695618	34.556561
701.434082	36.676908
702.172485	34.598666
702.910828	39.359394
703.649109	45.857317
704.387390	44.242702
705.125610	63.401395
705.863770	81.700410
706.601929	107.297843
707.339966	111.259482
708.078003	116.837024
708.816040	131.925246
709.553955	108.723580
710.291870	78.054144
711.029724	80.909885
711.767578	93.149582
712.505310	100.590704
713.243042	78.975523
713.980774	51.433743
714.718384	31.988169
715.455994	22.738321
716.193542	24.771814
716.931030	22.626853
717.668518	25.919744
718.405945	31.083964
719.143311	26.150223
719.880676	25.366680
720.617920	17.214989
721.355164	16.148518
722.092407	26.900998
722.829529	22.454784
723.566650	20.651502
724.303711	14.576345
725.040710	15.759228
725.777710	14.395423
726.514648	13.019020
727.251526	16.182409
727.988403	15.040390
728.725159	16.930205
729.461975	19.350374
730.198669	19.381289
730.935303	18.913809
731.671936	15.956028
732.408508	15.925860
733.145081	19.347640
733.881592	8.794665
734.617981	11.925929
735.354431	18.643222
736.090759	18.295427
736.827087	21.072043
737.563354	13.120899
738.299561	15.578900
739.035767	18.641384
739.771912	23.352752
740.507996	21.596262
741.244080	18.588771
741.980042	21.635840
742.716003	20.144160
743.451965	20.415416
744.187805	24.742418
744.923645	17.636020
745.659424	19.894961
746.395142	26.483226
747.130859	20.826043
747.866516	25.353177
748.602112	21.456919
749.337708	21.964708
750.073242	11.535055
750.808716	15.211055
751.544128	21.655084
752.279480	21.738948
753.014832	19.198607
753.750122	19.711782
754.485413	17.253898
755.220642	21.287988
755.955750	23.522766
756.690918	23.427827
757.425964	25.963362
758.161011	17.077727
758.895996	21.880806
759.630920	18.512320
760.365845	20.401430
761.100708	23.997644
761.835510	17.547264
762.570313	27.927313
763.304993	24.830455
764.039673	24.384421
764.774353	21.655114
765.508911	18.479375
766.243469	27.647333
766.977966	28.006568
767.712402	29.157162
768.446838	28.568285
769.181213	26.564692
769.915527	32.095845
770.649841	27.091827
771.384033	28.611628
772.118225	45.811976
772.852417	50.606069
773.586487	53.243274
774.320557	45.001975
775.054565	36.541336
775.788574	32.023871
776.522461	34.418331
777.256348	40.264277
777.990234	37.935866
778.723999	33.121526
779.457764	30.659532
780.191467	27.769428
780.925110	39.987528
781.658752	38.027172
782.392334	40.577383
783.125854	40.081077
783.859314	42.775933
784.592773	43.009862
785.326172	48.618245
786.059509	39.183290
786.792847	46.819471
787.526123	40.216931
788.259338	50.388570
788.992493	49.032137
789.725647	43.137351
790.458740	47.954244
791.191772	48.223118
791.924744	53.709606
792.657715	64.040530
793.390625	59.008013
794.123535	73.233691
794.856323	69.763063
795.589111	72.128500
796.321838	62.966182
797.054565	62.719417
797.787170	77.831607
798.519775	79.596806
799.252319	78.842331
799.984863	82.825605
800.717346	79.055815
801.449768	95.896282
802.182129	89.410165
802.914490	108.090982
803.646790	139.467066
804.379028	163.184989
805.111206	160.759236
805.843384	141.430624
806.575500	129.019731
807.307556	115.701674
808.039612	81.549122
808.771606	102.892580
809.503540	104.045790
810.235413	135.369915
810.967285	151.838870
811.699097	172.207343
812.430847	139.551355
813.162537	117.455215
813.894226	111.894084
814.625854	113.196712
815.357422	103.114805
816.088989	123.309145
816.820496	112.752677
817.551941	124.549757
818.283325	125.400704
819.014709	153.427022
819.746033	166.847495
820.477295	185.598984
821.208557	185.043903
821.939697	190.147709
822.670837	149.623672
823.401978	159.280123
824.132996	134.289475
824.864014	140.770759
825.594971	143.747325
826.325928	168.366561
827.056824	164.712229
827.787659	155.532515
828.518433	134.100547
829.249146	145.137284
829.979858	131.613752
830.710510	150.678648
831.441162	132.401304
832.171692	135.724704
832.902222	130.198533
833.632690	129.332927
834.363159	129.500024
835.093567	148.598302
835.823914	133.845569
836.554199	152.692940
837.284424	140.574581
838.014648	157.976115
838.744812	141.782927
839.474976	184.954220
840.205017	205.422752
840.935059	218.784385
841.665100	217.645019
842.395020	235.751138
843.124939	198.083877
843.854797	201.223040
844.584595	166.429120
845.314392	192.434880
846.044128	172.766732
846.773804	188.322541
847.503418	195.363723
848.233032	210.922635
848.962585	195.132328
849.692078	233.402457
850.421570	222.123925
851.151001	239.452886
851.880371	217.415536
852.609680	215.688544
853.338989	170.658679
854.068237	167.930464
854.797424	144.764045
855.526550	147.278611
856.255676	136.837059
856.984741	152.805600
857.713745	137.638460
858.442749	155.617400
859.171692	129.040419
859.900574	165.551218
860.629395	161.029132
861.358215	186.383737
862.086975	208.416802
862.815674	249.528768
863.544373	230.372169
864.272949	214.625849
865.001526	175.005220
865.730103	165.704358
866.458557	140.705688
867.187012	145.578805
867.915405	118.454704
868.643799	122.583494
869.372131	108.384041
870.100403	115.735854
870.828613	99.348994
871.556763	116.077994
872.284912	97.706247
873.013000	117.827912
873.741089	94.751346
874.469055	112.618330
875.197021	111.887970
875.924927	128.621540
876.652832	121.429838
877.380615	127.197830
878.108459	120.210945
878.836182	128.337009
879.563843	96.187401
880.291504	115.911798
881.019104	80.359860
881.746704	114.569681
882.474182	102.641123
883.201660	121.278223
883.929138	102.196671
884.656494	106.272448
885.383850	88.939171
886.111145	110.975440
886.838379	96.423674
887.565613	119.478419
888.292786	97.210730
889.019897	119.780974
889.746948	98.144308
890.473999	127.936273
891.200989	111.840870
891.927917	116.903657
892.654846	98.307305
893.381653	131.350522
894.108521	104.947822
894.835266	117.906928
895.562012	84.458568
896.288635	120.715488
897.015320	100.613802
897.741882	119.103435
898.468445	112.388175
899.194946	132.072684
899.921387	103.883053
900.647827	125.354994
901.374146	92.267593
902.100525	124.854079
902.826782	97.541734
903.553040	120.394593
904.279236	106.512246
905.005371	113.755913
905.731445	115.631499
906.457520	131.825074
907.183533	105.358032
907.909485	118.694831
908.635437	89.735642
909.361328	121.358418
910.087158	101.518072
910.812927	133.466372
911.538696	187.848770
912.264404	270.227413
912.990051	197.442454
913.715698	178.391203
914.441284	129.598524
915.166809	135.169419
915.892273	100.260436
916.617737	123.883846
917.343140	107.702263
918.068481	122.072482
918.793762	91.718923
919.519043	110.958761
920.244263	93.909963
920.969421	131.167510
921.694580	112.347480
922.419678	140.835250
923.144714	129.918316
923.869690	232.241780
924.594666	217.706529
925.319580	200.510086
926.044434	153.468030
926.769226	144.980496
927.494019	117.597342
928.218750	133.201627
928.943481	100.588614
929.668091	139.957584
930.392700	89.711203
931.117249	137.240085
931.841797	87.001850
932.566223	117.921069
933.290649	115.215101
934.015076	161.718682
934.739380	130.449614
935.463684	144.992266
936.187927	93.650270
936.912109	131.561750
937.636292	94.881483
938.360413	144.670163
939.084473	109.376089
939.808472	146.095549
940.532471	146.776709
941.256409	162.756087
941.980286	133.449993
942.704163	211.455941
943.427979	168.540022
944.151733	206.097518
944.875427	130.742580
945.599121	173.373253
946.322754	118.128497
947.046326	156.848914
947.769897	113.473908
948.493347	160.583119
949.216797	126.213134
949.940247	173.160379
950.663574	94.374286
951.386902	162.810988
952.110168	128.792966
952.833435	179.523897
953.556580	125.291645
954.279724	166.457195
955.002869	116.596870
955.725891	121.887864
956.448914	110.845683
