193.701462	152.729601
194.469650	493.422400
195.237793	601.369265
196.005890	-7.767278
196.773941	202.957933
197.541962	480.941261
198.309921	160.405866
199.077850	102.224972
199.845718	287.390447
200.613556	128.883486
201.381348	138.831798
202.149094	240.552523
202.916794	8.523167
203.684448	88.838226
204.452057	173.191754
205.219635	49.848455
205.987152	105.116203
206.754639	145.098057
207.522064	-4.593233
208.289459	138.689869
209.056808	99.338864
209.824112	31.027299
210.591370	144.290583
211.358582	-9.589770
212.125763	123.348622
212.892883	71.633571
213.659973	28.478997
214.427002	104.312357
215.194000	32.061934
215.960953	87.391517
216.727859	9.987824
217.494720	26.915260
218.261536	63.108320
219.028305	29.192919
219.795044	67.732838
220.561722	12.208003
221.328369	74.373691
222.094955	18.365174
222.861511	39.902676
223.628021	30.147556
224.394485	19.796358
225.160904	43.050840
225.927277	21.154360
226.693604	47.236613
227.459900	6.562264
228.226135	37.285012
228.992340	-7.807978
229.758484	34.412994
230.524597	19.634439
231.290665	31.849407
232.056686	9.489334
232.822662	24.446442
233.588593	12.295171
234.354492	28.005957
235.120331	20.143618
235.886124	16.047553
236.651886	13.164720
237.417603	10.416701
238.183273	27.749880
238.948883	7.658246
239.714462	21.912827
240.480011	2.788424
241.245499	24.099012
242.010941	13.846939
242.776352	24.953344
243.541702	5.127252
244.307022	21.241162
245.072281	8.133148
245.837509	15.953916
246.602692	2.608712
247.367828	25.959492
248.132919	10.766445
248.897980	26.156166
249.662979	13.667130
250.427933	36.599846
251.192856	8.272380
251.957733	35.114528
252.722549	17.091745
253.487335	26.314950
254.252075	10.507065
255.016769	23.925807
255.781433	15.100402
256.546021	25.161540
257.310608	5.243975
258.075104	18.682115
258.839600	12.610902
259.604004	20.213482
260.368408	10.765692
261.132751	18.000773
261.897034	5.953587
262.661285	16.657618
263.425507	10.729340
264.189667	19.410525
264.953796	16.691567
265.717865	15.247295
266.481903	16.850734
267.245880	17.365709
268.009827	17.881325
268.773743	14.849994
269.537598	32.031706
270.301392	17.627918
271.065155	34.443979
271.828888	5.150565
272.592560	33.809413
273.356201	12.299656
274.119781	33.909194
274.883331	10.670525
275.646851	33.419516
276.410309	12.552090
277.173706	24.739858
277.937073	8.264521
278.700409	22.674236
279.463684	-2.786044
280.226929	34.016560
280.990112	11.386937
281.753265	25.527890
282.516357	0.830485
283.279419	24.931433
284.042450	7.976260
284.805420	22.534199
285.568329	3.423967
286.331238	25.173225
287.094055	10.497943
287.856842	21.792785
288.619598	15.951075
289.382324	16.570532
290.144989	16.980292
290.907593	18.328296
291.670166	15.896666
292.432709	5.555331
293.195190	11.003910
293.957611	7.813917
294.720032	14.952516
295.482361	9.477561
296.244690	15.272018
297.006958	11.827396
297.769165	23.180269
298.531342	3.845530
299.293457	18.797065
300.055573	2.600577
300.817596	18.652864
301.579590	8.949559
302.341553	16.118095
303.103455	6.319755
303.865326	19.225244
304.627167	3.728144
305.388916	22.445519
306.150665	6.555596
306.912354	20.092512
307.674011	10.841844
308.435608	18.112933
309.197144	3.807590
309.958679	17.151191
310.720123	9.694968
311.481567	16.046050
312.242950	10.606551
313.004272	17.080424
313.765564	7.626610
314.526825	16.353799
315.288025	6.142822
316.049164	10.653779
316.810303	16.928173
317.571350	14.646514
318.332397	12.529226
319.093384	9.132893
319.854309	14.697837
320.615204	16.081260
321.376068	18.566203
322.136871	16.921504
322.897614	7.094133
323.658325	14.462078
324.419006	23.362038
325.179626	13.765110
325.940216	14.358983
326.700775	14.950954
327.461243	9.945446
328.221710	12.094235
328.982117	17.327912
329.742493	11.116037
330.502808	11.401350
331.263062	4.768129
332.023315	13.669724
332.783478	15.951478
333.543640	19.303994
334.303741	9.181464
335.063782	22.921965
335.823792	13.275878
336.583771	21.796174
337.343689	14.764564
338.103546	21.285544
338.863403	9.112674
339.623169	19.571312
340.382935	11.515140
341.142609	19.066484
341.902283	4.835392
342.661896	18.705338
343.421448	10.840082
344.180969	22.683084
344.940460	7.041361
345.699890	20.758816
346.459290	7.888048
347.218628	23.274779
347.977936	4.134189
348.737183	20.440186
349.496399	6.005860
350.255585	21.018874
351.014709	7.423127
351.773773	15.684278
352.532806	4.930391
353.291809	18.547622
354.050751	9.129834
354.809662	16.675839
355.568542	6.387234
356.327332	20.207528
357.086121	10.631662
357.844849	16.778224
358.603516	3.946887
359.362152	20.065349
360.120758	6.455332
360.879303	16.452206
361.637817	5.880396
362.396271	24.402183
363.154694	3.672045
363.913086	18.622543
364.671417	9.508792
365.429688	19.109193
366.187927	-0.000000
366.946136	16.956822
367.704285	11.838857
368.462402	19.979888
369.220459	9.291835
369.978485	21.152144
370.736450	8.728323
371.494385	17.570183
372.252258	11.314450
373.010101	14.328164
373.767914	9.581152
374.525665	19.355499
375.283386	9.512028
376.041046	12.693517
376.798676	11.418167
377.556244	10.560263
378.313782	8.446053
379.071259	17.310107
379.828705	6.713542
380.586121	16.145766
381.343475	9.551178
382.100800	16.030042
382.858063	8.365479
383.615295	15.701414
384.372467	5.852360
385.129608	16.200834
385.886688	8.121971
386.643738	21.956393
387.400726	12.485949
388.157715	18.878568
388.914612	7.877491
389.671478	20.972440
390.428314	20.804302
391.185089	21.108266
391.941833	14.971676
392.698517	20.908717
393.455170	15.083388
394.211792	21.712757
394.968353	21.478577
395.724854	25.551261
396.481323	15.414462
397.237762	21.707385
397.994141	21.561414
398.750488	28.629345
399.506775	20.600931
400.263031	27.064353
401.019257	22.652140
401.775421	29.513176
402.531525	35.310684
403.287598	40.036124
404.043640	61.897944
404.799622	72.544030
405.555573	52.363628
406.311462	36.409299
407.067322	35.664835
407.823120	38.441596
408.578888	39.722203
409.334625	37.442353
410.090302	42.433095
410.845917	45.336951
411.601532	44.101506
412.357056	49.959901
413.112549	58.679865
413.868011	59.138528
414.623444	67.637294
415.378784	75.817250
416.134125	81.774235
416.889404	90.388905
417.644623	105.909000
418.399841	118.808419
419.154968	132.040067
419.910065	151.278839
420.665131	168.693266
421.420166	181.752736
422.175110	209.877106
422.930054	238.927270
423.684937	270.821318
424.439758	299.412182
425.194550	339.954904
425.949310	366.359949
426.704010	407.106336
427.458679	448.964660
428.213287	492.525007
428.967865	538.412872
429.722382	593.676853
430.476868	640.566310
431.231323	707.845730
431.985718	774.012767
432.740051	893.542733
433.494385	1140.539448
434.248627	1641.235558
435.002838	2858.604645
435.757019	4336.561292
436.511169	3212.559205
437.265228	1886.859386
438.019287	1433.963176
438.773285	1358.790097
439.527222	1400.673239
440.281158	1458.444605
441.035004	1513.830336
441.788818	1563.698840
442.542603	1612.505299
443.296326	1673.051223
444.050018	1713.360176
444.803680	1755.863173
445.557281	1802.121942
446.310822	1826.276379
447.064331	1856.440817
447.817810	1885.423590
448.571228	1912.847866
449.324615	1920.452716
450.077942	1921.777294
450.831238	1934.012187
451.584473	1934.331017
452.337677	1926.390346
453.090851	1906.070531
453.843964	1878.892823
454.597015	1870.491547
455.350037	1847.114766
456.103027	1818.883446
456.855957	1776.579068
457.608856	1744.593854
458.361694	1704.438006
459.114502	1677.528836
459.867279	1629.956725
460.619995	1594.666224
461.372650	1548.316433
462.125275	1507.448587
462.877869	1475.476339
463.630402	1425.663506
464.382904	1385.944146
465.135345	1337.171824
465.887756	1289.861018
466.640106	1244.174521
467.392426	1190.978707
468.144714	1137.449897
468.896942	1104.328571
469.649139	1045.908032
470.401276	1004.821462
471.153351	960.769074
471.905426	905.799260
472.657440	867.395532
473.409393	827.196279
474.161316	797.960886
474.913177	746.020926
475.665009	715.345429
476.416809	676.593014
477.168549	643.319882
477.920258	608.935480
478.671906	582.335876
479.423523	544.994812
480.175079	522.742163
480.926605	487.494432
481.678070	470.245182
482.429504	441.312234
483.180908	416.954569
483.932251	398.685381
484.683563	377.165877
485.434814	360.623885
486.186005	343.211692
486.937195	328.526514
487.688324	317.459946
488.439392	304.818176
489.190430	305.910335
489.941406	291.728248
490.692352	299.528705
491.443268	302.991615
492.194122	292.631510
492.944946	285.922123
493.695709	281.166237
494.446442	280.054698
495.197113	290.422635
495.947754	290.443174
496.698364	298.637634
497.448914	297.011629
498.199402	317.548000
498.949860	313.369863
499.700287	335.917184
500.450653	339.592471
501.200989	365.233116
501.951263	366.131976
502.701508	385.713197
503.451721	395.084078
504.201874	422.849595
504.951965	418.731915
505.702026	447.964166
506.452057	448.118055
507.202026	463.459880
507.951965	462.641098
508.701843	481.643665
509.451691	466.494415
510.201477	476.393249
510.951233	461.350995
511.700958	460.369017
512.450623	440.264770
513.200256	426.655800
513.949829	403.874028
514.699341	389.745102
515.448853	356.960322
516.198303	342.736131
516.947693	309.765736
517.697021	296.355960
518.446350	268.455117
519.195618	244.962890
519.944824	223.572713
520.694031	213.317282
521.443176	186.773070
522.192261	183.929352
522.941284	157.980970
523.690308	151.770340
524.439270	136.670609
525.188171	133.923262
525.937012	117.256608
526.685852	111.625600
527.434631	104.385462
528.183411	102.154059
528.932068	96.452024
529.680725	87.267645
530.429321	77.370859
531.177917	80.490984
531.926392	72.666749
532.674866	73.594332
533.423279	64.878760
534.171692	65.820675
534.920044	54.390168
535.668335	59.039545
536.416565	53.310543
537.164795	57.464356
537.912964	48.457010
538.661072	51.201552
539.409119	41.353958
540.157166	43.111068
540.905151	40.407952
541.653076	37.152031
542.401001	34.676471
543.148865	41.821152
543.896667	38.974806
544.644409	75.811160
545.392151	176.770814
546.139832	279.513312
546.887451	170.773189
547.635010	82.563642
548.382568	40.291416
549.130066	30.649471
549.877502	25.199792
550.624939	23.669292
551.372314	17.601151
552.119629	21.933946
552.866882	14.992970
553.614136	22.422833
554.361328	17.528722
555.108459	22.376737
555.855591	14.402419
556.602661	18.005428
557.349670	16.396514
558.096619	18.756418
558.843567	16.799844
559.590454	14.585540
560.337280	9.129182
561.084045	14.562134
561.830811	11.135627
562.577515	11.397074
563.324158	10.610442
564.070801	14.216828
564.817383	7.292969
565.563904	14.433624
566.310364	9.258469
567.056824	10.866779
567.803223	7.080688
568.549561	9.486909
569.295837	9.236739
570.042114	11.654808
570.788330	10.606339
571.534485	13.306385
572.280640	7.963320
573.026733	12.283817
573.772766	13.030816
574.518738	14.777269
575.264709	10.121518
576.010620	17.321656
576.756470	23.937944
577.502319	21.925968
578.248047	26.130025
578.993835	30.080141
579.739502	26.015515
580.485107	18.038787
581.230713	13.632236
581.976318	12.456828
582.721802	12.394283
583.467285	12.424581
584.212708	10.674390
584.958069	10.417195
585.703430	12.696251
586.448669	16.583794
587.193909	13.971156
587.939148	20.330981
588.684265	10.606859
589.429382	13.275514
590.174500	13.290536
590.919495	14.156579
591.664490	16.634975
592.409424	13.502624
593.154297	16.645055
593.899170	18.833998
594.643982	15.218016
595.388733	16.263314
596.133423	11.411832
596.878113	11.789784
597.622742	16.256594
598.367310	15.973423
599.111816	15.408873
599.856323	18.940422
600.600769	16.197685
601.345215	16.313520
602.089539	16.432846
602.833862	17.606702
603.578125	14.760192
604.322388	15.356144
605.066528	16.241880
605.810669	15.396160
606.554810	13.197799
607.298828	20.637411
608.042847	24.040626
608.786804	27.548528
609.530701	42.288315
610.274597	77.015227
611.018433	117.915034
611.762207	123.476093
612.505981	98.810601
613.249634	70.981477
613.993286	59.740481
614.736938	51.984419
615.480469	44.598391
616.223999	33.799327
616.967468	31.176288
617.710938	21.243206
618.454285	22.321042
619.197632	24.862678
619.940979	25.846007
620.684204	27.027472
621.427429	26.165537
622.170593	23.834920
622.913696	30.786620
623.656799	32.458843
624.399841	35.301287
625.142822	39.407154
625.885742	41.462536
626.628662	38.141415
627.371521	41.677667
628.114319	40.720784
628.857117	45.058426
629.599854	46.265865
630.342529	58.170454
631.085144	62.736253
631.827759	62.410340
632.570313	51.167948
633.312805	50.454989
634.055237	47.188877
634.797668	43.229001
635.540039	43.521933
636.282349	42.437395
637.024658	36.573862
637.766907	39.074702
638.509094	32.472997
639.251221	39.609569
639.993347	36.814447
640.735413	43.312230
641.477417	41.732200
642.219421	46.353808
642.961304	39.660312
643.703186	42.455907
644.445068	44.448653
645.186829	50.078724
645.928589	51.413822
646.670288	53.599758
647.411987	62.605683
648.153625	71.382184
648.895203	79.813084
649.636719	93.914052
650.378174	113.556595
651.119629	124.811091
651.861023	130.031053
652.602417	131.734591
653.343689	129.236890
654.084961	131.895872
654.826172	141.844319
655.567383	152.023800
656.308472	171.501273
657.049561	198.454035
657.790649	220.155936
658.531616	238.992733
659.272583	244.628543
660.013489	258.515460
660.754395	250.091244
661.495178	241.209853
662.235962	225.423135
662.976746	210.571902
663.717407	190.370552
664.458069	176.656598
665.198669	165.443769
665.939209	161.970018
666.679749	149.781352
667.420227	151.787633
668.160645	131.713327
668.901001	119.541248
669.641357	99.573046
670.381653	94.726894
671.121887	79.558698
671.862122	74.637024
672.602234	66.609240
673.342407	63.483420
674.082458	54.267851
674.822510	55.599026
675.562439	44.608051
676.302429	52.704765
677.042297	48.928244
677.782166	50.254008
678.521973	42.042925
679.261719	44.044569
680.001465	39.279734
680.741150	43.170442
681.480774	37.852159
682.220337	44.300092
682.959900	35.316857
683.699402	38.885630
684.438843	37.456101
685.178223	36.694746
685.917603	35.266757
686.656921	39.287594
687.396179	42.084857
688.135437	46.777626
688.874634	43.559433
689.613770	38.331576
690.352905	33.323371
691.091919	39.013660
691.830933	31.331640
692.569885	33.577002
693.308838	32.930555
694.047729	36.537214
694.786560	35.688221
695.525330	30.582989
696.264099	19.182951
697.002808	21.231485
697.741455	20.812685
698.480042	27.491626
699.218628	22.344914
699.957153	24.761016
700.695618	17.674831
701.434082	21.801754
702.172485	17.413144
702.910828	24.528318
703.649109	23.100195
704.387390	23.611390
705.125610	30.896694
705.863770	42.921483
706.601929	46.561040
707.339966	59.323002
708.078003	45.532925
708.816040	62.953802
709.553955	51.695860
710.291870	40.885504
711.029724	37.137055
711.767578	53.928706
712.505310	50.471005
713.243042	40.780516
713.980774	24.891100
714.718384	20.496123
715.455994	14.523954
716.193542	21.062026
716.931030	13.118760
717.668518	18.410286
718.405945	18.528481
719.143311	20.011673
719.880676	17.818546
720.617920	15.094302
721.355164	11.102106
722.092407	23.348036
722.829529	17.096256
723.566650	14.366262
724.303711	8.384623
725.040710	15.630054
725.777710	11.282899
726.514648	17.315297
727.251526	15.138383
727.988403	19.225542
728.725159	12.467980
729.461975	15.401318
730.198669	13.184550
730.935303	18.649280
731.671936	12.631855
732.408508	18.049308
733.145081	18.280184
733.881592	16.256805
734.617981	10.585937
735.354431	16.363116
736.090759	11.434642
736.827087	18.505576
737.563354	9.603957
738.299561	14.766088
739.035767	10.885480
739.771912	15.568501
740.507996	19.135928
741.244080	20.791885
741.980042	19.706530
742.716003	21.937818
743.451965	19.173938
744.187805	18.107580
744.923645	12.775700
745.659424	19.755835
746.395142	23.695518
747.130859	26.556699
747.866516	17.509100
748.602112	17.810645
749.337708	23.083929
750.073242	19.131310
750.808716	17.605387
751.544128	18.965891
752.279480	14.822010
753.014832	19.625242
753.750122	19.426104
754.485413	19.107623
755.220642	12.858516
755.955750	21.227862
756.690918	16.528835
757.425964	18.462835
758.161011	16.209368
758.895996	18.837780
759.630920	17.355300
760.365845	22.441573
761.100708	19.607831
761.835510	22.080307
762.570313	18.715686
763.304993	20.448610
764.039673	25.698552
764.774353	24.306760
765.508911	22.914425
766.243469	24.986092
766.977966	22.523801
767.712402	25.309009
768.446838	20.131019
769.181213	31.165281
769.915527	25.527393
770.649841	26.193755
771.384033	24.866651
772.118225	47.314008
772.852417	55.124468
773.586487	53.697052
774.320557	40.910886
775.054565	37.147831
775.788574	27.774258
776.522461	37.159614
777.256348	30.350724
777.990234	35.335423
778.723999	38.028419
779.457764	37.130388
780.191467	30.546371
780.925110	37.517256
781.658752	31.689310
782.392334	45.241450
783.125854	36.494055
783.859314	48.886781
784.592773	32.021941
785.326172	40.751215
786.059509	34.582822
786.792847	38.856976
787.526123	39.422130
788.259338	47.039963
788.992493	40.247878
789.725647	49.391465
790.458740	43.594767
791.191772	41.890789
791.924744	41.264698
792.657715	52.931459
793.390625	50.017873
794.123535	62.560619
794.856323	68.278743
795.589111	64.151154
796.321838	57.635711
797.054565	62.386688
797.787170	60.089348
798.519775	69.309930
799.252319	66.464933
799.984863	76.036621
800.717346	82.300006
801.449768	90.578242
802.182129	87.350813
802.914490	101.529548
803.646790	123.334682
804.379028	153.062284
805.111206	147.653864
805.843384	138.626547
806.575500	118.121606
807.307556	106.488065
808.039612	82.967368
808.771606	87.990896
809.503540	97.810169
810.235413	123.536253
810.967285	145.527278
811.699097	162.226939
812.430847	133.547190
813.162537	119.633674
813.894226	104.070595
814.625854	106.236396
815.357422	100.729587
816.088989	111.530361
816.820496	107.778294
817.551941	120.101551
818.283325	118.908064
819.014709	136.895539
819.746033	156.945012
820.477295	180.184125
821.208557	186.542234
821.939697	175.056621
822.670837	155.123148
823.401978	151.116779
824.132996	129.926964
824.864014	126.254371
825.594971	144.130651
826.325928	167.217301
827.056824	147.991151
827.787659	145.727622
828.518433	131.595796
829.249146	135.409584
829.979858	139.012159
830.710510	137.423605
831.441162	129.480687
832.171692	140.780352
832.902222	127.856131
833.632690	125.991499
834.363159	135.788341
835.093567	138.770372
835.823914	131.686770
836.554199	143.420888
837.284424	144.714926
838.014648	157.188205
838.744812	155.465475
839.474976	167.744576
840.205017	202.253259
840.935059	214.828067
841.665100	210.330882
842.395020	228.005313
843.124939	199.072319
843.854797	186.552591
844.584595	173.214000
845.314392	179.405435
846.044128	171.765766
846.773804	179.488648
847.503418	180.056875
848.233032	197.865520
848.962585	208.769531
849.692078	227.778302
850.421570	231.860865
851.151001	223.367191
851.880371	222.080235
852.609680	204.421232
853.338989	178.900146
854.068237	168.334143
854.797424	142.109698
855.526550	150.770573
856.255676	141.132393
856.984741	150.768192
857.713745	144.591964
858.442749	139.809300
859.171692	135.605274
859.900574	153.799761
860.629395	155.640770
861.358215	185.139796
862.086975	223.808861
862.815674	244.957883
863.544373	232.246806
864.272949	201.250918
865.001526	187.610638
865.730103	152.388830
866.458557	145.572200
867.187012	134.998950
867.915405	126.778549
868.643799	121.513830
869.372131	115.265567
870.100403	114.440303
870.828613	110.242524
871.556763	109.933979
872.284912	98.584505
873.013000	101.247999
873.741089	95.863451
874.469055	104.558171
875.197021	117.741264
875.924927	118.675410
876.652832	121.202441
877.380615	119.903331
878.108459	119.063894
878.836182	116.398682
879.563843	94.806721
880.291504	105.603437
881.019104	83.344655
881.746704	105.367297
882.474182	99.196790
883.201660	113.254144
883.929138	99.910392
884.656494	98.501990
885.383850	92.140066
886.111145	112.121881
886.838379	98.034571
887.565613	97.838783
888.292786	107.782109
889.019897	119.780974
889.746948	108.972436
890.473999	119.391792
891.200989	116.945640
891.927917	120.614884
892.654846	98.773217
893.381653	120.776687
894.108521	106.121735
894.835266	107.015927
895.562012	105.034877
896.288635	109.172971
897.015320	103.274263
897.741882	119.103435
898.468445	112.629870
899.194946	125.287298
899.921387	100.697959
900.647827	116.718331
901.374146	111.809522
902.100525	120.403835
902.826782	100.751969
903.553040	116.430985
904.279236	120.109554
905.005371	108.399693
905.731445	122.027046
906.457520	132.080054
907.183533	112.992672
907.909485	108.229265
908.635437	105.075068
909.361328	110.255414
910.087158	118.306591
910.812927	122.852744
911.538696	201.096215
912.264404	275.763779
912.990051	212.752163
913.715698	159.808786
914.441284	132.292880
915.166809	115.395136
915.892273	110.368437
916.617737	103.508213
917.343140	99.854610
918.068481	107.052378
918.793762	95.574973
919.519043	107.325350
920.244263	89.679784
920.969421	118.446523
921.694580	122.509563
922.419678	140.835250
923.144714	151.141176
923.869690	215.944112
924.594666	223.045381
925.319580	195.107120
926.044434	158.593681
926.769226	129.274276
927.494019	120.332164
928.218750	110.331742
928.943481	117.777808
929.668091	129.493465
930.392700	107.521516
931.117249	134.594493
931.841797	111.429293
932.566223	115.528468
933.290649	126.629601
934.015076	140.006451
934.739380	130.837857
935.463684	129.059050
936.187927	118.705825
936.912109	116.033150
937.636292	123.114509
938.360413	123.144845
939.084473	130.822381
939.808472	114.869020
940.532471	146.205594
941.256409	124.564225
941.980286	136.496797
942.704163	171.209040
943.427979	184.218164
944.151733	200.896319
944.875427	156.378380
945.599121	141.103049
946.322754	135.629015
947.046326	134.712979
947.769897	129.864584
948.493347	135.549248
949.216797	148.624812
949.940247	118.869171
950.663574	130.326394
951.386902	116.774778
952.110168	179.972704
952.833435	154.192304
953.556580	147.058414
954.279724	150.230236
955.002869	138.169859
955.725891	109.699078
956.448914	115.442970
