193.701462	130.102994
194.469650	404.606368
195.237793	684.166483
196.005890	178.647399
196.773941	255.447053
197.541962	446.588314
198.309921	154.777590
199.077850	227.450563
199.845718	308.419016
200.613556	57.997569
201.381348	162.631535
202.149094	268.096705
202.916794	127.847505
203.684448	93.597417
204.452057	155.428497
205.219635	81.696079
205.987152	111.604857
206.754639	146.317368
207.522064	29.856013
208.289459	158.193132
209.056808	72.711952
209.824112	57.206583
210.591370	175.538225
211.358582	26.153919
212.125763	125.832151
212.892883	83.441303
213.659973	44.217391
214.427002	99.311080
215.194000	27.286752
215.960953	77.608885
216.727859	23.096843
217.494720	48.447469
218.261536	78.598544
219.028305	35.251827
219.795044	64.557862
220.561722	31.537342
221.328369	91.988513
222.094955	35.317642
222.861511	45.343950
223.628021	15.292239
224.394485	27.799141
225.160904	48.330660
225.927277	29.772802
226.693604	39.678755
227.459900	20.780501
228.226135	48.892611
228.992340	11.881705
229.758484	51.783362
230.524597	22.484600
231.290665	37.055560
232.056686	20.164836
232.822662	24.158837
233.588593	21.516549
234.354492	35.619227
235.120331	21.998951
235.886124	22.518341
236.651886	20.759751
237.417603	19.097286
238.183273	28.966980
238.948883	13.641251
239.714462	17.436013
240.480011	13.245016
241.245499	23.639983
242.010941	19.294915
242.776352	31.472686
243.541702	14.712984
244.307022	26.772714
245.072281	15.826666
245.837509	19.669212
246.602692	10.000064
247.367828	31.151390
248.132919	14.642365
248.897980	34.946352
249.662979	26.693613
250.427933	37.025425
251.192856	14.211524
251.957733	37.864461
252.722549	21.733948
253.487335	25.262352
254.252075	12.188195
255.016769	38.407216
255.781433	20.133869
256.546021	28.097053
257.310608	12.795299
258.075104	26.868659
258.839600	16.394173
259.604004	22.950724
260.368408	21.320292
261.132751	23.718666
261.897034	22.325951
262.661285	26.267782
263.425507	14.377316
264.189667	23.939648
264.953796	28.614115
265.717865	21.564032
266.481903	24.291318
267.245880	24.399920
268.009827	28.698423
268.773743	18.174619
269.537598	29.807282
270.301392	25.884031
271.065155	34.891303
271.828888	13.884131
272.592560	34.257220
273.356201	16.548627
274.119781	26.547329
274.883331	16.894998
275.646851	32.091589
276.410309	11.891453
277.173706	26.272416
277.937073	12.831757
278.700409	30.880149
279.463684	9.643999
280.226929	34.866974
280.990112	12.230414
281.753265	33.688445
282.516357	10.588681
283.279419	30.082555
284.042450	6.544624
284.805420	23.955274
285.568329	16.918423
286.331238	29.768337
287.094055	22.976630
287.856842	25.326751
288.619598	17.312752
289.382324	12.716920
290.144989	12.401337
290.907593	16.060878
291.670166	21.320234
292.432709	3.333199
293.195190	17.239459
293.957611	12.538611
294.720032	19.816588
295.482361	15.199862
296.244690	18.113323
297.006958	13.769207
297.769165	28.448512
298.531342	15.382118
299.293457	23.322285
300.055573	7.801731
300.817596	20.034557
301.579590	14.112766
302.341553	22.462452
303.103455	9.906644
303.865326	25.179965
304.627167	9.489822
305.388916	26.327075
306.150665	9.917440
306.912354	23.441264
307.674011	14.844986
308.435608	18.777628
309.197144	11.588318
309.958679	16.326615
310.720123	10.845219
311.481567	20.630635
312.242950	16.317770
313.004272	25.376629
313.765564	17.038172
314.526825	20.401769
315.288025	8.082660
316.049164	18.724824
316.810303	13.220097
317.571350	23.176901
318.332397	11.726070
319.093384	13.939679
319.854309	18.532056
320.615204	17.514244
321.376068	20.470429
322.136871	19.451823
322.897614	3.468243
323.658325	17.134419
324.419006	16.306389
325.179626	22.368303
325.940216	21.382398
326.700775	17.598518
327.461243	8.857663
328.221710	14.885213
328.982117	24.135306
329.742493	18.989896
330.502808	16.331664
331.263062	12.612469
332.023315	20.888566
332.783478	18.098793
333.543640	27.270721
334.303741	16.526635
335.063782	28.117610
335.823792	14.954437
336.583771	19.052600
337.343689	25.114980
338.103546	19.917188
338.863403	12.302110
339.623169	22.605624
340.382935	14.545440
341.142609	22.698195
341.902283	7.706406
342.661896	19.761285
343.421448	10.689526
344.180969	22.833303
344.940460	11.985296
345.699890	20.758816
346.459290	12.650644
347.218628	23.867767
347.977936	7.677779
348.737183	19.410824
349.496399	9.375002
350.255585	23.354304
351.014709	11.498569
351.773773	23.090743
352.532806	9.425748
353.291809	21.155882
354.050751	5.651802
354.809662	19.285971
355.568542	10.887330
356.327332	21.370551
357.086121	6.990682
357.844849	17.653610
358.603516	7.309050
359.362152	16.550251
360.120758	9.682999
360.879303	17.627364
361.637817	12.054812
362.396271	26.313197
363.154694	10.134844
363.913086	26.394156
364.671417	7.899611
365.429688	17.504604
366.187927	5.817076
366.946136	19.130773
367.704285	16.025769
368.462402	15.955162
369.220459	6.289857
369.978485	20.868223
370.736450	11.121573
371.494385	24.960816
372.252258	9.244734
373.010101	21.560475
373.767914	12.145122
374.525665	18.955040
375.283386	9.512028
376.041046	18.843984
376.798676	14.142957
377.556244	13.779856
378.313782	8.701994
379.071259	23.292277
379.828705	11.273683
380.586121	25.227760
381.343475	11.561953
382.100800	18.409501
382.858063	10.113490
383.615295	17.446016
384.372467	7.844653
385.129608	20.437975
385.886688	4.498322
386.643738	19.572556
387.400726	6.432156
388.157715	20.652393
388.914612	8.512772
389.671478	16.142424
390.428314	15.603226
391.185089	19.338710
391.941833	10.316617
392.698517	18.404679
393.455170	12.340954
394.211792	16.749842
394.968353	10.245528
395.724854	24.322835
396.481323	11.866689
397.237762	18.170788
397.994141	9.745272
398.750488	21.441552
399.506775	6.704445
400.263031	23.285096
401.019257	11.691427
401.775421	15.788942
402.531525	12.213627
403.287598	17.433147
404.043640	19.238550
404.799622	23.508540
405.555573	16.393118
406.311462	16.507110
407.067322	7.667359
407.823120	15.537771
408.578888	10.698817
409.334625	19.114715
410.090302	12.552198
410.845917	16.466205
411.601532	11.622811
412.357056	13.028336
413.112549	15.070785
413.868011	14.970435
414.623444	11.501506
415.378784	14.261613
416.134125	11.562981
416.889404	17.581366
417.644623	14.880625
418.399841	17.408946
419.154968	15.254820
419.910065	20.779509
420.665131	18.477356
421.420166	15.826224
422.175110	15.494950
422.930054	19.637858
423.684937	19.994849
424.439758	19.559093
425.194550	20.489893
425.949310	25.923084
426.704010	23.584766
427.458679	28.005403
428.213287	22.767849
428.967865	28.822751
429.722382	23.716098
430.476868	28.879573
431.231323	27.465763
431.985718	28.848780
432.740051	33.602660
433.494385	37.589664
434.248627	48.260369
435.002838	69.799023
435.757019	100.619372
436.511169	76.024502
437.265228	47.905754
438.019287	42.326114
438.773285	39.908653
439.527222	47.557522
440.281158	43.669977
441.035004	48.322806
441.788818	44.141244
442.542603	47.813703
443.296326	46.657668
444.050018	45.777882
444.803680	47.547735
445.557281	53.100851
446.310822	50.632811
447.064331	52.212988
447.817810	52.839416
448.571228	49.777411
449.324615	53.898187
450.077942	49.995774
450.831238	54.762824
451.584473	54.175565
452.337677	52.372092
453.090851	58.537018
453.843964	56.335800
454.597015	56.286420
455.350037	57.728194
456.103027	54.479449
456.855957	52.260575
457.608856	60.023214
458.361694	54.245252
459.114502	63.554038
459.867279	60.939907
460.619995	63.534366
461.372650	59.935427
462.125275	64.772820
462.877869	73.029654
463.630402	69.256275
464.382904	78.677649
465.135345	83.181741
465.887756	83.323642
466.640106	91.334930
467.392426	90.782240
468.144714	102.174914
468.896942	111.563071
469.649139	125.330829
470.401276	139.571124
471.153351	163.442838
471.905426	184.983997
472.657440	211.155953
473.409393	240.565393
474.161316	283.543956
474.913177	321.092710
475.665009	369.796455
476.416809	419.575248
477.168549	476.754751
477.920258	537.254056
478.671906	591.063345
479.423523	643.817929
480.175079	695.419488
480.926605	749.178602
481.678070	809.304562
482.429504	854.310188
483.180908	886.905066
483.932251	929.999567
484.683563	982.389671
485.434814	1025.099379
486.186005	1065.093767
486.937195	1092.539597
487.688324	1143.763341
488.439392	1190.785024
489.190430	1235.222105
489.941406	1304.128693
490.692352	1393.486792
491.443268	1519.961769
492.194122	1573.554154
492.944946	1604.191511
493.695709	1684.665581
494.446442	1787.806699
495.197113	1916.735461
495.947754	2067.203195
496.698364	2224.652239
497.448914	2411.878656
498.199402	2635.467975
498.949860	2873.505044
499.700287	3138.751609
500.450653	3427.495773
501.200989	3773.834093
501.951263	4115.066097
502.701508	4502.646347
503.451721	4918.334414
504.201874	5364.977884
504.951965	5865.237105
505.702026	6392.772893
506.452057	6927.180899
507.202026	7478.775089
507.951965	8051.473743
508.701843	8616.852573
509.451691	9205.892589
510.201477	9693.594373
510.951233	10207.143635
511.700958	10612.972249
512.450623	11008.588709
513.200256	11280.690000
513.949829	11543.270819
514.699341	11655.692105
515.448853	11742.218672
516.198303	11730.471927
516.947693	11644.998646
517.697021	11554.351240
518.446350	11396.779302
519.195618	11167.472466
519.944824	10971.158062
520.694031	10705.048391
521.443176	10415.143984
522.192261	10163.017233
522.941284	9820.916800
523.690308	9550.946829
524.439270	9240.034237
525.188171	8963.866327
525.937012	8711.014347
526.685852	8423.110803
527.434631	8175.204301
528.183411	7902.327411
528.932068	7645.110423
529.680725	7394.775460
530.429321	7126.686695
531.177917	6881.016740
531.926392	6633.248480
532.674866	6428.202063
533.423279	6215.385208
534.171692	5906.659614
534.920044	5601.484382
535.668335	5349.193983
536.416565	5092.346431
537.164795	4912.187314
537.912964	4725.884814
538.661072	4497.764016
539.409119	4264.427290
540.157166	4038.129295
540.905151	3834.572257
541.653076	3658.183216
542.401001	3523.450408
543.148865	3596.797422
543.896667	4638.537085
544.644409	9376.056700
545.392151	24719.462984
546.139832	38923.789420
546.887451	24092.485316
547.635010	10834.471824
548.382568	4709.282049
549.130066	2657.594264
549.877502	2152.845800
550.624939	1957.877547
551.372314	1826.163822
552.119629	1714.222226
552.866882	1614.627560
553.614136	1543.187254
554.361328	1450.014853
555.108459	1351.714105
555.855591	1248.327475
556.602661	1184.033389
557.349670	1112.494646
558.096619	1045.075904
558.843567	981.339596
559.590454	929.520661
560.337280	870.871333
561.084045	843.814270
561.830811	791.330952
562.577515	760.973864
563.324158	715.020998
564.070801	675.299349
564.817383	629.128436
565.563904	602.867815
566.310364	574.465988
567.056824	550.141751
567.803223	525.210032
568.549561	503.072160
569.295837	470.984884
570.042114	444.306192
570.788330	414.895029
571.534485	393.922591
572.280640	361.838922
573.026733	364.659014
573.772766	356.235563
574.518738	407.366061
575.264709	662.055748
576.010620	1694.892328
576.756470	3783.833554
577.502319	3558.401890
578.248047	3206.750077
578.993835	4355.089341
579.739502	3163.652705
580.485107	1817.939703
581.230713	1011.011143
581.976318	670.623540
582.721802	526.990015
583.467285	433.365638
584.212708	356.281175
584.958069	357.187772
585.703430	448.130620
586.448669	762.571827
587.193909	1178.769054
587.939148	1055.130607
588.684265	680.638367
589.429382	461.418937
590.174500	398.621148
590.919495	464.126781
591.664490	599.144271
592.409424	847.242099
593.154297	1008.309875
593.899170	873.878464
594.643982	609.005978
595.388733	460.793899
596.133423	382.486569
596.878113	383.263046
597.622742	414.305472
598.367310	496.317078
599.111816	556.526642
599.856323	562.026090
600.600769	471.162073
601.345215	379.313183
602.089539	303.052246
602.833862	269.363409
603.578125	249.102195
604.322388	256.255653
605.066528	247.088012
605.810669	262.504528
606.554810	270.025043
607.298828	314.961609
608.042847	381.077719
608.786804	517.139025
609.530701	829.992859
610.274597	1543.501408
611.018433	2485.524787
611.762207	2568.050342
612.505981	1847.087848
613.249634	1281.847687
613.993286	937.847711
614.736938	736.737989
615.480469	552.903199
616.223999	410.267333
616.967468	301.825438
617.710938	244.784101
618.454285	199.622246
619.197632	198.023922
619.940979	183.360348
620.684204	193.583046
621.427429	187.942755
622.170593	206.894924
622.913696	220.099896
623.656799	240.801599
624.399841	234.103275
625.142822	244.950172
625.885742	231.564352
626.628662	232.075840
627.371521	216.704304
628.114319	227.683999
628.857117	215.790679
629.599854	247.894856
630.342529	278.688463
631.085144	300.427128
631.827759	277.160880
632.570313	241.178155
633.312805	208.619553
634.055237	194.086469
634.797668	162.133486
635.540039	152.475474
636.282349	129.399270
637.024658	126.065219
637.766907	112.527148
638.509094	116.161123
639.251221	109.680303
639.993347	117.806232
640.735413	111.822464
641.477417	117.885850
642.219421	111.351014
642.961304	109.883598
643.703186	97.935728
644.445068	107.006016
645.186829	100.467212
645.928589	112.260423
646.670288	107.615825
647.411987	117.581625
648.153625	121.664634
648.895203	148.555661
649.636719	158.288058
650.378174	183.625693
651.119629	193.569296
651.861023	200.138479
652.602417	187.162136
653.343689	189.533030
654.084961	182.658428
654.826172	196.818518
655.567383	198.875963
656.308472	223.630651
657.049561	238.847334
657.790649	265.022880
658.531616	275.006845
659.272583	296.686556
660.013489	293.411182
660.754395	298.849086
661.495178	275.747473
662.235962	272.303167
662.976746	249.180449
663.717407	230.466100
664.458069	205.895544
665.198669	206.498746
665.939209	189.354640
666.679749	195.885054
667.420227	185.753317
668.160645	172.129166
668.901001	153.711791
669.641357	144.074966
670.381653	129.637979
671.121887	124.004898
671.862122	110.955933
672.602234	111.459462
673.342407	94.559220
674.082458	96.550164
674.822510	93.663828
675.562439	91.657338
676.302429	85.770070
677.042297	93.862346
677.782166	85.198848
678.521973	89.299616
679.261719	84.538947
680.001465	95.092463
680.741150	84.565236
681.480774	90.800781
682.220337	91.708963
682.959900	98.509599
683.699402	89.325847
684.438843	93.584679
685.178223	93.182416
685.917603	107.246542
686.656921	110.294633
687.396179	132.934706
688.135437	133.093483
688.874634	125.553660
689.613770	110.091852
690.352905	114.012736
691.091919	105.671285
691.830933	100.238949
692.569885	107.981852
693.308838	130.940817
694.047729	124.695814
694.786560	116.014686
695.525330	90.516685
696.264099	90.417886
697.002808	83.240902
697.741455	81.000720
698.480042	79.883455
699.218628	83.285588
699.957153	76.883520
700.695618	81.349544
701.434082	77.895849
702.172485	83.423756
702.910828	86.248411
703.649109	105.780595
704.387390	118.630044
705.125610	153.679469
705.863770	219.555468
706.601929	299.074009
707.339966	320.621203
708.078003	335.949781
708.816040	381.657422
709.553955	325.707100
710.291870	226.844856
711.029724	220.726822
711.767578	297.308254
712.505310	316.292772
713.243042	222.001136
713.980774	141.324825
714.718384	84.709410
715.455994	64.762547
716.193542	58.279582
716.931030	56.446776
717.668518	47.963639
718.405945	51.684710
719.143311	51.195507
719.880676	49.495960
720.617920	37.922875
721.355164	45.417708
722.092407	48.345662
722.829529	46.057824
723.566650	38.224520
724.303711	36.763347
725.040710	35.006154
725.777710	37.220599
726.514648	35.411734
727.251526	39.803507
727.988403	34.919862
728.725159	33.729168
729.461975	34.356787
730.198669	40.344723
730.935303	38.488940
731.671936	42.682375
732.408508	31.453574
733.145081	34.292024
733.881592	30.781327
734.617981	29.881822
735.354431	34.335718
736.090759	35.918228
736.827087	31.608065
737.563354	33.546216
738.299561	23.977960
739.035767	29.526864
739.771912	33.595187
740.507996	38.545226
741.244080	38.829877
741.980042	50.299883
742.716003	44.703479
743.451965	50.072946
744.187805	32.759515
744.923645	40.548960
745.659424	33.807521
746.395142	38.330985
747.130859	43.748667
747.866516	37.259365
748.602112	33.657912
749.337708	39.592436
750.073242	31.229051
750.808716	39.436068
751.544128	33.119541
752.279480	38.113740
753.014832	37.970577
753.750122	40.280598
754.485413	30.657753
755.220642	32.146290
755.955750	33.419540
756.690918	41.537681
757.425964	39.522007
758.161011	37.773617
758.895996	24.344208
759.630920	35.867620
760.365845	29.582074
761.100708	36.142794
761.835510	28.368077
762.570313	35.676777
763.304993	39.436605
764.039673	41.614132
764.774353	36.681111
765.508911	42.872150
766.243469	33.561201
766.977966	44.010321
767.712402	39.813587
768.446838	38.633794
769.181213	38.882398
769.915527	44.784900
770.649841	37.569329
771.384033	50.332498
772.118225	62.784938
772.852417	88.259394
773.586487	71.999427
774.320557	66.063505
775.054565	52.916706
775.788574	42.799676
776.522461	47.972452
777.256348	44.687247
777.990234	46.960930
778.723999	46.922162
779.457764	41.598360
780.191467	40.574220
780.925110	45.700032
781.658752	44.210452
782.392334	50.060986
783.125854	52.557677
783.859314	54.214186
784.592773	54.625664
785.326172	57.114638
786.059509	45.211488
786.792847	50.482218
787.526123	49.913503
788.259338	53.418263
788.992493	51.906985
789.725647	52.598703
790.458740	51.667872
791.191772	58.289897
791.924744	50.762128
792.657715	58.649363
793.390625	65.219383
794.123535	77.995522
794.856323	77.514515
795.589111	82.100182
796.321838	70.795310
797.054565	68.708539
797.787170	74.986150
798.519775	84.655925
799.252319	73.416622
799.984863	88.087067
800.717346	89.129882
801.449768	107.047013
802.182129	103.310785
802.914490	110.508352
803.646790	136.344669
804.379028	166.501048
805.111206	166.525600
805.843384	147.038777
806.575500	124.097997
807.307556	115.524490
808.039612	86.690262
808.771606	98.989758
809.503540	110.815893
810.235413	131.246063
810.967285	158.691456
811.699097	179.828743
812.430847	136.094411
813.162537	129.981351
813.894226	110.256610
814.625854	114.478875
815.357422	107.518284
816.088989	128.462363
816.820496	120.859078
817.551941	129.183304
818.283325	121.505120
819.014709	162.342878
819.746033	166.473816
820.477295	200.723248
821.208557	195.344930
821.939697	191.656818
822.670837	157.778067
823.401978	158.330897
824.132996	139.600358
824.864014	141.916789
825.594971	148.155576
826.325928	180.433789
827.056824	162.982462
827.787659	166.683178
828.518433	136.027279
829.249146	152.919444
829.979858	149.525683
830.710510	149.509086
831.441162	141.552571
832.171692	151.280544
832.902222	130.979334
833.632690	138.767548
834.363159	135.591831
835.093567	154.298501
835.823914	130.509243
836.554199	158.216715
837.284424	142.743333
838.014648	162.900558
838.744812	152.491008
839.474976	182.580476
840.205017	200.470420
840.935059	232.235867
841.665100	221.993966
842.395020	250.051123
843.124939	193.734730
843.854797	200.033544
844.584595	180.397991
845.314392	195.441675
846.044128	179.373107
846.773804	194.747191
847.503418	185.696240
848.233032	213.534058
848.962585	206.162419
849.692078	236.817123
850.421570	215.024074
851.151001	233.548011
851.880371	229.989942
852.609680	220.114988
853.338989	186.538579
854.068237	180.848192
854.797424	144.151504
855.526550	154.057125
856.255676	134.791662
856.984741	161.770195
857.713745	139.070064
858.442749	154.796200
859.171692	144.016493
859.900574	169.468370
860.629395	160.200153
861.358215	189.078941
862.086975	222.976858
862.815674	266.565703
863.544373	231.413634
864.272949	214.207883
865.001526	173.114407
865.730103	164.224855
866.458557	144.514263
867.187012	150.233941
867.915405	125.284525
868.643799	131.140806
869.372131	114.835472
870.100403	128.259509
870.828613	99.566864
871.556763	128.366023
872.284912	93.973649
873.013000	116.943649
873.741089	89.190821
874.469055	114.857263
875.197021	105.809549
875.924927	130.203878
876.652832	118.701077
877.380615	133.808470
878.108459	115.622741
878.836182	131.092007
879.563843	103.090803
880.291504	120.035143
881.019104	97.120631
881.746704	120.091111
882.474182	100.344901
883.201660	130.448599
883.929138	103.568439
884.656494	122.270451
885.383850	96.484139
886.111145	117.395507
886.838379	98.724955
887.565613	111.651317
888.292786	111.229298
889.019897	136.564105
889.746948	109.433207
890.473999	131.862115
891.200989	114.161220
891.927917	129.892952
892.654846	112.750559
893.381653	130.410625
894.108521	112.226083
894.835266	120.511298
895.562012	104.795617
896.288635	131.777067
897.015320	112.223086
897.741882	124.156308
898.468445	111.421395
899.194946	134.496036
899.921387	118.093470
900.647827	130.536992
901.374146	112.304255
902.100525	131.034974
902.826782	109.888789
903.553040	136.744476
904.279236	118.346940
905.005371	124.723411
905.731445	108.724308
906.457520	143.044229
907.183533	114.774088
907.909485	126.352562
908.635437	93.570499
909.361328	128.330072
910.087158	115.683385
910.812927	135.323757
911.538696	192.087953
912.264404	294.745607
912.990051	202.193743
913.715698	170.958236
914.441284	129.329088
915.166809	134.085897
915.892273	117.744545
916.617737	120.080394
917.343140	106.619828
918.068481	120.160832
918.793762	98.329295
919.519043	126.330881
920.244263	102.934344
920.969421	132.015576
921.694580	120.533603
922.419678	139.409792
923.144714	138.235383
923.869690	243.591943
924.594666	219.782749
925.319580	211.316019
926.044434	146.834834
926.769226	151.927478
927.494019	102.707756
928.218750	132.892575
928.943481	117.141171
929.668091	144.535635
930.392700	105.212771
931.117249	132.610299
931.841797	99.048260
932.566223	123.731672
933.290649	112.718180
934.015076	175.943936
934.739380	122.684756
935.463684	153.357204
936.187927	133.492710
936.912109	150.109800
937.636292	120.800327
938.360413	160.188416
939.084473	134.575482
939.808472	177.322079
940.532471	167.336871
941.256409	195.659844
941.980286	135.887436
942.704163	205.706383
943.427979	173.112813
944.151733	219.100516
944.875427	151.251220
945.599121	155.656279
946.322754	150.629459
947.046326	187.839224
947.769897	158.233061
948.493347	193.554557
949.216797	125.623353
949.940247	160.016192
950.663574	139.876173
951.386902	169.547994
952.110168	164.225092
952.833435	183.378704
953.556580	135.909581
954.279724	176.926201
955.002869	124.815152
955.725891	143.726106
956.448914	109.824064
