193.701462	401.622285
194.469650	449.014384
195.237793	270.180395
196.005890	147.578286
196.773941	416.413689
197.541962	343.529472
198.309921	118.193796
199.077850	176.338077
199.845718	259.352355
200.613556	152.512125
201.381348	283.613530
202.149094	200.154389
202.916794	-25.569501
203.684448	136.430133
204.452057	81.414927
205.219635	66.464606
205.987152	176.491402
206.754639	56.088324
207.522064	37.894171
208.289459	139.773383
209.056808	17.409904
209.824112	98.899516
210.591370	92.823878
211.358582	-18.307743
212.125763	67.883134
212.892883	25.189827
213.659973	68.949152
214.427002	62.873202
215.194000	68.899049
215.960953	91.304570
216.727859	26.218038
217.494720	56.222989
218.261536	18.358784
219.028305	39.107496
219.795044	56.620420
220.561722	18.820672
221.328369	68.502084
222.094955	28.254114
222.861511	43.530192
223.628021	20.972213
224.394485	30.326335
225.160904	34.115760
225.927277	32.906782
226.693604	36.655611
227.459900	15.676519
228.226135	27.436141
228.992340	2.376341
229.758484	28.513624
230.524597	21.851230
231.290665	29.093209
232.056686	4.448125
232.822662	14.955470
233.588593	8.383071
234.354492	28.821665
235.120331	18.818380
235.886124	21.483015
236.651886	14.430559
237.417603	17.113152
238.183273	10.710480
238.948883	22.496099
239.714462	16.964770
240.480011	15.336334
241.245499	8.721547
242.010941	19.748913
242.776352	18.883612
243.541702	19.171464
244.307022	10.620581
245.072281	16.046480
245.837509	7.649138
246.602692	9.130493
247.367828	16.873670
248.132919	16.364996
248.897980	18.223558
249.662979	21.141341
250.427933	35.110317
251.192856	11.666176
251.957733	18.191864
252.722549	16.458718
253.487335	14.315333
254.252075	17.021445
255.016769	19.308546
255.781433	21.182508
256.546021	17.613078
257.310608	10.907468
258.075104	11.755038
258.839600	17.655263
259.604004	14.949554
260.368408	9.076956
261.132751	11.647559
261.897034	21.688066
262.661285	10.464401
263.425507	13.733555
264.189667	8.626900
264.953796	17.558662
265.717865	10.455288
266.481903	18.820300
267.245880	12.309870
268.009827	21.634196
268.773743	9.308951
269.537598	27.582858
270.301392	19.859300
271.065155	39.140885
271.828888	12.540506
272.592560	28.659635
273.356201	16.772258
274.119781	23.647201
274.883331	6.891381
275.646851	24.787986
276.410309	11.451029
277.173706	22.112617
277.937073	3.697286
278.700409	22.242345
279.463684	8.572444
280.226929	28.914076
280.990112	12.652152
281.753265	26.155625
282.516357	4.152424
283.279419	20.604490
284.042450	5.317507
284.805420	17.864950
285.568329	14.098686
286.331238	19.179600
287.094055	16.638250
287.856842	18.062489
288.619598	18.674429
289.382324	2.312167
290.144989	19.269770
290.907593	5.857497
291.670166	23.751489
292.432709	3.148021
293.195190	12.837895
293.957611	12.720330
294.720032	18.735683
295.482361	2.503507
296.244690	18.646068
297.006958	9.002943
297.769165	23.004661
298.531342	4.544717
299.293457	20.363487
300.055573	9.882193
300.817596	18.134729
301.579590	9.982200
302.341553	15.432219
303.103455	5.294930
303.865326	20.756458
304.627167	-2.202994
305.388916	20.251596
306.150665	8.068426
306.912354	17.748386
307.674011	18.347736
308.435608	23.098144
309.197144	11.091676
309.958679	18.140683
310.720123	8.051754
311.481567	13.262551
312.242950	16.317770
313.004272	13.338997
313.765564	11.521049
314.526825	12.791585
315.288025	10.830764
316.049164	11.460884
316.810303	14.671084
317.571350	14.968415
318.332397	9.477235
319.093384	10.414703
319.854309	19.171092
320.615204	16.399701
321.376068	18.407518
322.136871	3.004753
322.897614	7.724723
323.658325	12.575720
324.419006	17.090350
325.179626	12.357314
325.940216	16.075818
326.700775	8.254172
327.461243	11.810218
328.221710	8.683041
328.982117	20.731609
329.742493	9.726532
330.502808	15.407230
331.263062	9.074825
332.023315	14.437686
332.783478	8.896017
333.543640	12.409710
334.303741	12.548001
335.063782	21.699460
335.823792	9.766163
336.583771	24.997011
337.343689	14.003504
338.103546	19.461069
338.863403	3.796948
339.623169	14.716413
340.382935	13.181805
341.142609	16.947986
341.902283	4.382074
342.661896	14.330703
343.421448	6.624495
344.180969	15.472567
344.940460	3.895221
345.699890	19.713408
346.459290	11.459995
347.218628	21.199321
347.977936	4.872437
348.737183	17.205049
349.496399	10.986330
350.255585	17.369764
351.014709	8.441987
351.773773	22.074170
352.532806	7.105564
353.291809	21.880398
354.050751	10.579014
354.809662	13.195664
355.568542	4.354932
356.327332	18.608371
357.086121	6.699403
357.844849	11.234115
358.603516	5.993421
359.362152	12.449304
360.120758	3.814515
360.879303	13.661207
361.637817	5.880396
362.396271	16.170121
363.154694	6.609681
363.913086	17.449470
364.671417	13.166019
365.429688	18.379834
366.187927	2.908538
366.946136	14.203150
367.704285	5.341923
368.462402	13.224098
369.220459	9.720688
369.978485	19.448616
370.736450	8.728323
371.494385	12.968469
372.252258	11.038488
373.010101	16.511503
373.767914	10.525772
374.525665	13.749079
375.283386	8.719359
376.041046	12.693517
376.798676	8.044618
377.556244	2.962025
378.313782	9.213876
379.071259	12.218899
379.828705	8.486930
380.586121	17.407154
381.343475	7.791751
382.100800	8.515960
382.858063	7.866048
383.615295	11.713754
384.372467	5.976878
385.129608	14.206885
385.886688	9.746365
386.643738	13.299301
387.400726	8.450087
388.157715	8.615722
388.914612	2.541126
389.671478	9.024505
390.428314	12.304983
391.185089	8.468586
391.941833	8.555243
392.698517	11.268171
393.455170	8.102646
394.211792	9.553613
394.968353	10.122088
395.724854	13.512686
396.481323	6.361524
397.237762	7.804902
397.994141	4.141741
398.750488	13.157316
399.506775	8.289132
400.263031	12.922619
401.019257	10.229999
401.775421	9.716272
402.531525	9.190452
403.287598	9.858745
404.043640	12.068904
404.799622	13.179030
405.555573	11.439802
406.311462	8.312091
407.067322	9.293768
407.823120	6.100014
408.578888	9.333010
409.334625	8.432962
410.090302	10.663814
410.845917	10.867695
411.601532	9.341698
412.357056	10.659548
413.112549	11.009155
413.868011	9.130904
414.623444	8.863546
415.378784	11.010804
416.134125	12.708862
416.889404	9.514622
417.644623	11.391375
418.399841	10.384283
419.154968	8.890226
419.910065	11.845324
420.665131	13.383598
421.420166	8.958240
422.175110	13.210438
422.930054	11.802551
423.684937	15.243598
424.439758	11.360079
425.194550	14.579347
425.949310	16.987476
426.704010	16.636557
427.458679	19.711120
428.213287	18.000222
428.967865	16.983102
429.722382	20.521685
430.476868	19.124266
431.231323	21.201642
431.985718	18.559382
432.740051	24.577946
433.494385	28.000464
434.248627	34.950465
435.002838	57.464675
435.757019	84.485906
436.511169	66.021278
437.265228	37.450133
438.019287	33.879871
438.773285	30.144778
439.527222	30.883969
440.281158	31.260504
441.035004	35.815727
441.788818	34.858322
442.542603	33.706294
443.296326	38.045401
444.050018	36.414224
444.803680	35.637169
445.557281	38.172142
446.310822	38.541394
447.064331	36.161979
447.817810	38.025508
448.571228	35.918927
449.324615	34.675757
450.077942	37.096676
450.831238	37.731774
451.584473	35.552714
452.337677	38.738424
453.090851	39.838998
453.843964	37.181628
454.597015	36.117120
455.350037	37.017267
456.103027	38.378993
456.855957	28.607756
457.608856	33.885578
458.361694	27.309036
459.114502	30.613878
459.867279	29.448095
460.619995	30.607797
461.372650	28.161314
462.125275	28.222443
462.877869	29.304304
463.630402	29.457002
464.382904	31.268140
465.135345	28.648418
465.887756	23.176112
466.640106	25.426910
467.392426	24.000955
468.144714	25.772206
468.896942	21.510527
469.649139	24.539031
470.401276	23.654587
471.153351	27.391139
471.905426	22.908793
472.657440	28.352142
473.409393	25.701047
474.161316	29.341416
474.913177	30.460804
475.665009	37.221226
476.416809	31.725072
477.168549	38.650966
477.920258	37.267208
478.671906	47.733909
479.423523	44.652749
480.175079	48.612710
480.926605	48.483053
481.678070	54.320508
482.429504	49.882839
483.180908	53.351010
483.932251	53.264580
484.683563	62.786973
485.434814	56.505738
486.186005	64.785428
486.937195	61.526481
487.688324	65.929882
488.439392	68.103360
489.190430	66.990266
489.941406	69.722338
490.692352	82.647074
491.443268	80.148475
492.194122	85.973366
492.944946	78.646499
493.695709	93.811765
494.446442	94.818134
495.197113	101.931064
495.947754	107.791488
496.698364	117.888016
497.448914	118.083531
498.199402	141.814050
498.949860	141.652929
499.700287	156.526382
500.450653	165.906391
501.200989	189.588038
501.951263	198.876439
502.701508	219.280899
503.451721	241.782752
504.201874	258.332550
504.951965	281.450190
505.702026	312.107666
506.452057	331.516832
507.202026	367.927256
507.951965	383.726350
508.701843	416.539600
509.451691	436.284551
510.201477	462.980060
510.951233	487.590669
511.700958	509.249032
512.450623	521.997534
513.200256	537.988392
513.949829	547.713464
514.699341	554.096518
515.448853	547.960733
516.198303	555.838611
516.947693	546.312509
517.697021	553.957000
518.446350	540.965714
519.195618	535.713235
519.944824	514.164469
520.694031	511.856047
521.443176	496.949777
522.192261	483.669321
522.941284	466.674385
523.690308	451.549563
524.439270	439.023747
525.188171	424.206735
525.937012	411.881285
526.685852	402.462613
527.434631	386.234931
528.183411	380.351576
528.932068	358.400011
529.680725	344.440765
530.429321	332.039011
531.177917	330.975427
531.926392	312.729672
532.674866	304.277518
533.423279	292.568138
534.171692	287.329187
534.920044	265.536492
535.668335	258.858931
536.416565	246.814597
537.164795	240.361661
537.912964	216.730165
538.661072	217.473720
539.409119	206.947277
540.157166	196.888692
540.905151	187.176043
541.653076	180.058166
542.401001	169.638368
543.148865	177.182578
543.896667	218.776202
544.644409	442.737174
545.392151	1147.404907
546.139832	1829.768698
546.887451	1118.720447
547.635010	515.086563
548.382568	224.187855
549.130066	134.269631
549.877502	109.614641
550.624939	100.994911
551.372314	91.739330
552.119629	87.824585
552.866882	75.408430
553.614136	83.132876
554.361328	77.993961
555.108459	75.267206
555.855591	63.264614
556.602661	65.402068
557.349670	60.120551
558.096619	59.615469
558.843567	55.237184
559.590454	50.434338
560.337280	43.012494
561.084045	49.651614
561.830811	44.630189
562.577515	44.799268
563.324158	37.969597
564.070801	39.403432
564.817383	33.301631
565.563904	38.284307
566.310364	30.597037
567.056824	33.925555
567.803223	29.738890
568.549561	32.716536
569.295837	28.065477
570.042114	31.850544
570.788330	25.223479
571.534485	27.327208
572.280640	20.937267
573.026733	25.643589
573.772766	25.522427
574.518738	28.202959
575.264709	35.244573
576.010620	84.613117
576.756470	184.313070
577.502319	173.580580
578.248047	162.647948
578.993835	210.836954
579.739502	153.417737
580.485107	94.449239
581.230713	49.613921
581.976318	39.787479
582.721802	30.939113
583.467285	31.855504
584.212708	21.816955
584.958069	26.840700
585.703430	27.931751
586.448669	47.018824
587.193909	59.283012
587.939148	61.465755
588.684265	37.218711
589.429382	30.628507
590.174500	23.543235
590.919495	32.398615
591.664490	36.026603
592.409424	49.921673
593.154297	54.120207
593.899170	53.077630
594.643982	40.708193
595.388733	34.048342
596.133423	24.915833
596.878113	28.808907
597.622742	30.992103
598.367310	34.989403
599.111816	39.758697
599.856323	41.783142
600.600769	34.586821
601.345215	27.189200
602.089539	25.126967
602.833862	28.610891
603.578125	20.510916
604.322388	25.625565
605.066528	25.756354
605.810669	25.499890
606.554810	23.890906
607.298828	29.606005
608.042847	34.178240
608.786804	43.111029
609.530701	70.835347
610.274597	127.293093
611.018433	200.242224
611.762207	216.471452
612.505981	157.300259
613.249634	114.737182
613.993286	89.610721
614.736938	77.392535
615.480469	57.062570
616.223999	42.955340
616.967468	38.288379
617.710938	29.233770
618.454285	27.779463
619.197632	27.007694
619.940979	30.137419
620.684204	30.540067
621.427429	31.925860
622.170593	35.752381
622.913696	35.086973
623.656799	34.023125
624.399841	38.430487
625.142822	42.731826
625.885742	41.658114
626.628662	39.999586
627.371521	36.296748
628.114319	38.567281
628.857117	42.805505
629.599854	46.167844
630.342529	54.246646
631.085144	58.809101
631.827759	55.235608
632.570313	47.231952
633.312805	44.640840
634.055237	38.698828
634.797668	38.480736
635.540039	39.655520
636.282349	32.399510
637.024658	30.096203
637.766907	31.479620
638.509094	28.664436
639.251221	30.159570
639.993347	30.258450
640.735413	34.002125
641.477417	27.313776
642.219421	31.276086
642.961304	29.949669
643.703186	30.457499
644.445068	32.307586
645.186829	32.525357
645.928589	31.304384
646.670288	31.639469
647.411987	37.626120
648.153625	41.884546
648.895203	42.278793
649.636719	47.221722
650.378174	55.077075
651.119629	59.255907
651.861023	59.923626
652.602417	57.580070
653.343689	52.083763
654.084961	59.656850
654.826172	64.336142
655.567383	65.527500
656.308472	68.009125
657.049561	75.188614
657.790649	78.737088
658.531616	88.658594
659.272583	88.123628
660.013489	93.423357
660.754395	85.022178
661.495178	83.244520
662.235962	76.692630
662.976746	75.109156
663.717407	57.755360
664.458069	59.700814
665.198669	54.739969
665.939209	56.772996
666.679749	49.444550
667.420227	51.561023
668.160645	38.634425
668.901001	43.297528
669.641357	35.267772
670.381653	37.690630
671.121887	28.334452
671.862122	29.099554
672.602234	27.975881
673.342407	26.858370
674.082458	20.752736
674.822510	24.969623
675.562439	20.195685
676.302429	22.413395
677.042297	20.081660
677.782166	22.298136
678.521973	20.965997
679.261719	22.521530
680.001465	18.974109
680.741150	22.750490
681.480774	18.870578
682.220337	22.982755
682.959900	18.546903
683.699402	18.109593
684.438843	16.894146
685.178223	19.459335
685.917603	20.136540
686.656921	22.593149
687.396179	20.263079
688.135437	26.507321
688.874634	26.180222
689.613770	23.511519
690.352905	15.937264
691.091919	21.959117
691.830933	13.380060
692.569885	21.194785
693.308838	18.307156
694.047729	20.000493
694.786560	19.130676
695.525330	20.164608
696.264099	15.480978
697.002808	14.154323
697.741455	10.012589
698.480042	15.999225
699.218628	14.558050
699.957153	16.620408
700.695618	15.182227
701.434082	15.897112
702.172485	11.836386
702.910828	16.428269
703.649109	15.781321
704.387390	18.682799
705.125610	20.100080
705.863770	22.784058
706.601929	30.310776
707.339966	40.395040
708.078003	32.011727
708.816040	40.156193
709.553955	35.700280
710.291870	30.315672
711.029724	27.008767
711.767578	38.870690
712.505310	34.310915
713.243042	30.085914
713.980774	19.700539
714.718384	20.851547
715.455994	11.428685
716.193542	18.548943
716.931030	9.748804
717.668518	15.018917
718.405945	16.578114
719.143311	18.783963
719.880676	14.353828
720.617920	16.341765
721.355164	7.695778
722.092407	23.728711
722.829529	16.841088
723.566650	18.214368
724.303711	11.738472
725.040710	14.855010
725.777710	11.153211
726.514648	16.664346
727.251526	10.309761
727.988403	14.124888
728.725159	11.155561
729.461975	11.978803
730.198669	10.415795
730.935303	18.384752
731.671936	11.036253
732.408508	17.518446
733.145081	15.344680
733.881592	14.124765
734.617981	6.163963
735.354431	11.266408
736.090759	11.703692
736.827087	13.912952
737.563354	12.038763
738.299561	12.463120
739.035767	10.205137
739.771912	19.802041
740.507996	19.272613
741.244080	21.204968
741.980042	17.363795
742.716003	20.696055
743.451965	23.726024
744.187805	21.701451
744.923645	15.136427
745.659424	18.364579
746.395142	16.586863
747.130859	25.298750
747.866516	20.450629
748.602112	19.213058
749.337708	19.586364
750.073242	16.739897
750.808716	13.520938
751.544128	23.211986
752.279480	18.915708
753.014832	20.762937
753.750122	19.854621
754.485413	15.114985
755.220642	14.287240
755.955750	21.945020
756.690918	23.427827
757.425964	23.511267
758.161011	19.248625
758.895996	19.127592
759.630920	18.223065
760.365845	20.547155
761.100708	20.339467
761.835510	23.981261
762.570313	25.149204
763.304993	22.347410
764.039673	23.654349
764.774353	22.097055
765.508911	22.914425
766.243469	23.951165
766.977966	27.117471
767.712402	27.825109
768.446838	21.463219
769.181213	30.571657
769.915527	30.901581
770.649841	31.582185
771.384033	36.550980
772.118225	48.365430
772.852417	48.798709
773.586487	54.302089
774.320557	42.274582
775.054565	34.570226
775.788574	31.265011
776.522461	34.266037
777.256348	28.368013
777.990234	35.794325
778.723999	38.335100
779.457764	32.970552
780.191467	26.843780
780.925110	35.664552
781.658752	35.708442
782.392334	41.510196
783.125854	32.439160
783.859314	42.619245
784.592773	39.713486
785.326172	34.614932
786.059509	37.914195
786.792847	35.512728
787.526123	33.381642
788.259338	41.140035
788.992493	46.157288
789.725647	38.647218
790.458740	41.334298
791.191772	43.189728
791.924744	46.340910
792.657715	48.683873
793.390625	51.488987
794.123535	65.680440
794.856323	67.454120
795.589111	62.821597
796.321838	56.969402
797.054565	61.055772
797.787170	69.127857
798.519775	64.082174
799.252319	57.478603
799.984863	75.187998
800.717346	87.422413
801.449768	89.720493
802.182129	93.357254
802.914490	96.867477
803.646790	127.150945
804.379028	145.906578
805.111206	145.906481
805.843384	128.637023
806.575500	120.230921
807.307556	99.046303
808.039612	83.853771
808.771606	86.749089
809.503540	92.643512
810.235413	118.695210
810.967285	152.019202
811.699097	162.771324
812.430847	131.363857
813.162537	112.009069
813.894226	108.073310
814.625854	100.924576
815.357422	102.564370
816.088989	109.505882
816.820496	113.858095
817.551941	118.804158
818.283325	116.311008
819.014709	141.539214
819.746033	151.152994
820.477295	179.997405
821.208557	175.679333
821.939697	168.831547
822.670837	155.692059
823.401978	146.940185
824.132996	135.996545
824.864014	119.951203
825.594971	146.622272
826.325928	174.112860
827.056824	163.943444
827.787659	150.726195
828.518433	139.688070
829.249146	132.102166
829.979858	133.755396
830.710510	132.550428
831.441162	133.180135
832.171692	134.363568
832.902222	126.489730
833.632690	125.991499
834.363159	125.176806
835.093567	139.753165
835.823914	134.826842
836.554199	141.250833
837.284424	145.700723
838.014648	151.475851
838.744812	150.508030
839.474976	165.766456
840.205017	200.470420
840.935059	214.234620
841.665100	216.063584
842.395020	233.169197
843.124939	201.246893
843.854797	196.663306
844.584595	177.803772
845.314392	185.218572
846.044128	169.163254
846.773804	186.515609
847.503418	192.745446
848.233032	207.708576
848.962585	202.151477
849.692078	222.756734
850.421570	229.020924
851.151001	231.104614
851.880371	227.150560
852.609680	213.072918
853.338989	177.292055
854.068237	170.554378
854.797424	153.747992
855.526550	151.797620
856.255676	130.905408
856.984741	147.100858
857.713745	148.886774
858.442749	148.021300
859.171692	141.759825
859.900574	151.325771
860.629395	156.469748
861.358215	190.115558
862.086975	223.600860
862.815674	250.775373
863.544373	229.330703
864.272949	202.295834
865.001526	182.568471
865.730103	161.899922
866.458557	135.204413
867.187012	137.538115
867.915405	130.193459
868.643799	121.727763
869.372131	106.448612
870.100403	111.417352
870.828613	103.270664
871.556763	107.739688
872.284912	101.219281
873.013000	102.353326
873.741089	96.975556
874.469055	108.588250
875.197021	108.511069
875.924927	127.943394
876.652832	122.112028
877.380615	120.359237
878.108459	124.110918
878.836182	109.740770
879.563843	110.684545
880.291504	110.414005
881.019104	97.120631
881.746704	106.057476
882.474182	96.441324
883.201660	98.352283
883.929138	92.365672
884.656494	99.416161
885.383850	91.911431
886.111145	109.599712
886.838379	93.432009
887.565613	102.212752
888.292786	106.173421
889.019897	117.711821
889.746948	112.658607
890.473999	116.851541
891.200989	120.426165
891.927917	120.150981
892.654846	113.915337
893.381653	120.071765
894.108521	100.721735
894.835266	112.934949
895.562012	105.034877
896.288635	113.501415
897.015320	105.209144
897.741882	119.344048
898.468445	116.496990
899.194946	116.805566
899.921387	106.578132
900.647827	117.211855
901.374146	112.304255
902.100525	118.920420
902.826782	101.245851
903.553040	110.485573
904.279236	108.526662
905.005371	106.359228
905.731445	111.026705
906.457520	134.119901
907.183533	118.845896
907.909485	113.079161
908.635437	100.984555
909.361328	109.480786
910.087158	118.044270
910.812927	130.282284
911.538696	194.472493
912.264404	266.009228
912.990051	208.000874
913.715698	164.056196
914.441284	139.298205
915.166809	124.605076
915.892273	111.188004
916.617737	118.722019
917.343140	104.725567
918.068481	104.867635
918.793762	86.210279
919.519043	101.176502
920.244263	99.550201
920.969421	108.269734
921.694580	123.638684
922.419678	124.299938
923.144714	151.427971
923.869690	239.226496
924.594666	225.418204
925.319580	178.297891
926.044434	162.814806
926.769226	130.784489
927.494019	127.321153
928.218750	123.621000
928.943481	116.504534
929.668091	127.204439
930.392700	102.904027
931.117249	116.075349
931.841797	101.390618
932.566223	115.870268
933.290649	122.705866
934.015076	145.996032
934.739380	119.578813
935.463684	130.254041
936.187927	125.688521
936.912109	112.151000
937.636292	116.634798
938.360413	120.641901
939.084473	127.069280
939.808472	140.519383
940.532471	162.767946
941.256409	152.179879
941.980286	130.403190
942.704163	176.319757
943.427979	177.032349
944.151733	180.741672
944.875427	130.742580
945.599121	141.735798
946.322754	138.754107
947.046326	161.276101
947.769897	135.538279
948.493347	136.159831
949.216797	140.957659
949.940247	140.585654
950.663574	132.573401
951.386902	157.758233
952.110168	165.912337
952.833435	163.553980
953.556580	142.280342
954.279724	134.003277
955.002869	114.028657
955.725891	112.238408
956.448914	113.399731
