193.701462	627.888361
194.469650	345.395680
195.237793	719.028469
196.005890	310.691128
196.773941	405.915865
197.541962	484.064256
198.309921	326.440008
199.077850	255.562430
199.845718	261.688862
200.613556	320.060657
201.381348	196.347829
202.149094	203.826947
202.916794	161.940173
203.684448	96.770211
204.452057	220.560439
205.219635	98.312230
205.987152	138.857206
206.754639	192.651201
207.522064	72.343417
208.289459	182.030453
209.056808	90.121856
209.824112	67.872217
210.591370	175.538225
211.358582	50.564243
212.125763	142.389013
212.892883	87.377213
213.659973	54.709653
214.427002	97.882143
215.194000	74.356399
215.960953	108.261133
216.727859	49.314881
217.494720	31.102079
218.261536	78.598544
219.028305	33.599398
219.795044	86.253536
220.561722	52.392680
221.328369	72.416489
222.094955	60.275443
222.861511	39.449237
223.628021	57.673585
224.394485	45.068304
225.160904	56.047320
225.927277	57.978615
226.693604	49.881863
227.459900	26.613625
228.226135	34.119304
228.992340	6.789546
229.758484	53.749819
230.524597	36.418718
231.290665	35.524339
232.056686	28.468003
232.822662	14.380260
233.588593	37.164948
234.354492	26.918347
235.120331	47.443520
235.886124	25.106656
236.651886	23.291428
237.417603	29.513987
238.183273	31.888020
238.948883	23.692700
239.714462	28.510238
240.480011	13.709753
241.245499	35.574732
242.010941	19.294915
242.776352	34.170345
243.541702	26.750880
244.307022	25.445141
245.072281	26.597591
245.837509	29.503818
246.602692	17.608809
247.367828	37.424934
248.132919	14.211707
248.897980	37.090300
249.662979	26.907161
250.427933	37.876584
251.192856	19.726444
251.957733	28.768529
252.722549	35.238536
253.487335	26.525470
254.252075	22.485119
255.016769	32.950453
255.781433	25.796519
256.546021	31.032566
257.310608	15.312407
258.075104	25.189368
258.839600	15.343264
259.604004	18.107911
260.368408	25.542132
261.132751	22.448023
261.897034	22.538579
262.661285	32.247439
263.425507	12.446034
264.189667	35.585963
264.953796	17.558662
265.717865	20.910576
266.481903	25.385521
267.245880	27.697207
268.009827	32.230537
268.773743	31.916405
269.537598	32.254148
270.301392	41.057429
271.065155	35.562290
271.828888	34.038515
272.592560	33.361607
273.356201	33.320885
274.119781	22.977940
274.883331	15.561182
275.646851	36.296693
276.410309	27.966937
277.173706	28.899658
277.937073	22.183715
278.700409	20.298839
279.463684	20.788177
280.226929	35.079577
280.990112	19.399966
281.753265	37.245610
282.516357	11.419166
283.279419	32.761139
284.042450	14.725404
284.805420	27.609469
285.568329	20.140980
286.331238	23.774712
287.094055	20.401663
287.856842	29.449710
288.619598	14.783923
289.382324	22.928991
290.144989	14.500025
290.907593	26.264259
291.670166	29.736116
292.432709	12.777261
293.195190	18.523249
293.957611	17.626743
294.720032	21.077644
295.482361	21.816272
296.244690	22.197700
297.006958	27.185358
297.769165	23.180269
298.531342	21.674803
299.293457	20.189440
300.055573	15.950206
300.817596	24.870485
301.579590	16.694369
302.341553	27.092118
303.103455	18.105245
303.865326	19.225244
304.627167	9.489822
305.388916	22.445519
306.150665	17.985865
306.912354	26.287703
307.674011	21.683688
308.435608	30.908308
309.197144	7.284086
309.958679	23.253057
310.720123	15.610543
311.481567	25.706426
312.242950	25.945254
313.004272	23.912593
313.765564	16.713635
314.526825	25.259333
315.288025	7.436047
316.049164	22.921768
316.810303	16.928174
317.571350	28.327323
318.332397	14.778061
319.093384	21.950989
319.854309	26.200492
320.615204	26.112146
321.376068	22.692026
322.136871	24.986894
322.897614	10.562376
323.658325	26.723405
324.419006	14.424882
325.179626	25.809580
325.940216	22.631006
326.700775	21.336257
327.461243	16.316748
328.221710	15.660484
328.982117	25.373014
329.742493	22.232074
330.502808	14.790941
331.263062	20.302999
332.023315	18.431088
332.783478	24.847495
333.543640	31.254085
334.303741	17.903855
335.063782	28.270424
335.823792	16.938189
336.583771	23.625224
337.343689	26.028252
338.103546	19.461069
338.863403	21.718540
339.623169	19.874744
340.382935	19.696950
341.142609	27.540477
341.902283	10.275208
342.661896	21.722328
343.421448	18.518474
344.180969	29.142505
344.940460	20.225187
345.699890	22.550944
346.459290	22.473496
347.218628	26.684460
347.977936	14.469661
348.737183	27.204564
349.496399	13.623049
350.255585	26.419556
351.014709	15.719562
351.773773	23.090743
352.532806	22.766806
353.291809	24.488658
354.050751	16.810488
354.809662	23.201168
355.568542	13.790618
356.327332	29.220958
357.086121	14.418281
357.844849	26.407466
358.603516	5.116335
359.362152	20.211811
360.120758	17.458740
360.879303	23.209363
361.637817	21.757465
362.396271	23.226174
363.154694	17.478934
363.913086	25.221082
364.671417	13.751175
365.429688	27.423880
366.187927	10.616164
366.946136	26.377278
367.704285	19.346424
368.462402	24.148354
369.220459	19.727279
369.978485	27.540376
370.736450	12.810925
371.494385	27.610288
372.252258	10.762526
373.010101	27.291740
373.767914	17.408008
374.525665	23.093113
375.283386	19.156168
376.041046	20.021733
376.798676	17.257003
377.556244	22.279580
378.313782	11.901256
379.071259	25.456040
379.828705	13.680425
380.586121	23.083400
381.343475	21.992845
382.100800	18.910440
382.858063	18.603827
383.615295	19.066003
384.372467	14.444123
385.129608	25.672091
385.886688	13.869827
386.643738	29.735229
387.400726	15.638967
388.157715	23.693237
388.914612	13.467968
389.671478	20.591123
390.428314	22.453423
391.185089	21.613853
391.941833	13.965176
392.698517	17.027458
393.455170	10.595768
394.211792	22.333122
394.968353	17.405054
395.724854	26.288316
396.481323	19.206909
397.237762	16.707369
397.994141	21.926862
398.750488	24.852708
399.506775	15.724971
400.263031	23.650831
401.019257	12.056784
401.775421	20.647078
402.531525	19.348320
403.287598	24.165949
404.043640	21.030962
404.799622	20.065370
405.555573	27.714984
406.311462	21.189978
407.067322	14.289168
407.823120	15.767960
408.578888	16.162042
409.334625	23.274976
410.090302	17.439780
410.845917	18.332375
411.601532	19.661016
412.357056	20.888407
413.112549	22.766505
413.868011	20.703794
414.623444	16.777426
415.378784	21.392419
416.134125	15.938163
416.889404	21.201059
417.644623	23.193250
418.399841	23.924574
419.154968	21.114288
419.910065	21.883734
420.665131	25.169155
421.420166	23.191888
422.175110	25.328283
422.930054	25.092818
423.684937	22.271490
424.439758	24.399475
425.194550	27.779566
425.949310	31.618307
426.704010	29.260768
427.458679	31.908595
428.213287	31.622012
428.967865	34.354390
429.722382	33.396138
430.476868	38.248531
431.231323	34.886338
431.985718	39.618991
432.740051	43.491443
433.494385	50.055624
434.248627	62.144800
435.002838	86.053590
435.757019	122.671626
436.511169	97.650520
437.265228	63.969390
438.019287	57.889976
438.773285	51.663221
439.527222	60.441632
440.281158	62.047364
441.035004	62.440645
441.788818	64.980458
442.542603	65.045572
443.296326	69.371340
444.050018	66.113098
444.803680	66.831508
445.557281	71.808980
446.310822	72.737434
447.064331	73.834641
447.817810	72.276773
448.571228	73.346261
449.324615	77.172404
450.077942	72.121964
450.831238	78.850940
451.584473	79.476306
452.337677	78.605151
453.090851	83.248471
453.843964	80.184622
454.597015	81.427688
455.350037	84.061996
456.103027	84.714606
456.855957	81.522757
457.608856	87.281035
458.361694	87.799016
459.114502	93.981813
459.867279	94.010954
460.619995	97.944950
461.372650	98.379326
462.125275	105.672229
462.877869	119.620724
463.630402	114.042000
464.382904	125.349268
465.135345	129.332408
465.887756	136.573519
466.640106	145.126156
467.392426	158.937625
468.144714	174.373646
468.896942	193.503595
469.649139	210.763011
470.401276	239.627306
471.153351	279.696981
471.905426	321.625029
472.657440	371.098036
473.409393	423.258498
474.161316	502.034314
474.913177	566.391773
475.665009	660.408332
476.416809	747.549936
477.168549	848.000400
477.920258	944.072884
478.671906	1040.349856
479.423523	1157.591396
480.175079	1249.088933
480.926605	1346.159488
481.678070	1433.280332
482.429504	1516.367298
483.180908	1595.292858
483.932251	1681.740339
484.683563	1749.243297
485.434814	1835.725721
486.186005	1892.640963
486.937195	1959.511733
487.688324	2052.901717
488.439392	2135.151616
489.190430	2221.101452
489.941406	2341.493658
490.692352	2495.745287
491.443268	2735.859702
492.194122	2822.896570
492.944946	2893.080431
493.695709	3024.667095
494.446442	3211.605143
495.197113	3440.757678
495.947754	3714.937346
496.698364	4023.142451
497.448914	4332.944467
498.199402	4750.319612
498.949860	5172.002120
499.700287	5668.658970
500.450653	6196.884135
501.200989	6769.306983
501.951263	7408.441798
502.701508	8114.209093
503.451721	8887.397288
504.201874	9700.160645
504.951965	10560.543945
505.702026	11457.956068
506.452057	12412.145892
507.202026	13397.183985
507.951965	14422.415900
508.701843	15448.354840
509.451691	16452.202028
510.201477	17416.170194
510.951233	18288.514164
511.700958	19095.313995
512.450623	19767.064570
513.200256	20276.023896
513.949829	20719.834485
514.699341	20980.121213
515.448853	21080.726917
516.198303	21082.702449
516.947693	20954.330038
517.697021	20705.809160
518.446350	20448.874257
519.195618	20092.416221
519.944824	19641.416932
520.694031	19200.136774
521.443176	18714.082377
522.192261	18167.801485
522.941284	17677.492609
523.690308	17131.590991
524.439270	16645.239329
525.188171	16110.339859
525.937012	15638.314892
526.685852	15128.844308
527.434631	14681.113265
528.183411	14210.754903
528.932068	13723.857426
529.680725	13291.587380
530.429321	12843.737526
531.177917	12359.653064
531.926392	11954.730814
532.674866	11543.446199
533.423279	11154.149302
534.171692	10626.089772
534.920044	10087.399176
535.668335	9624.325774
536.416565	9180.251738
537.164795	8851.541039
537.912964	8484.663216
538.661072	8107.207680
539.409119	7695.740928
540.157166	7275.014947
540.905151	6909.848830
541.653076	6632.216678
542.401001	6363.801071
543.148865	6483.794481
543.896667	8397.331629
544.644409	17090.957100
545.392151	44436.008687
546.139832	58025.054878
546.887451	43456.024710
547.635010	19484.216963
548.382568	8435.524870
549.130066	4775.347988
549.877502	3861.801279
550.624939	3531.974434
551.372314	3299.504580
552.119629	3092.064748
552.866882	2926.911674
553.614136	2781.228992
554.361328	2592.480308
555.108459	2429.158404
555.855591	2260.207872
556.602661	2133.554909
557.349670	2000.903603
558.096619	1885.416261
558.843567	1765.566883
559.590454	1670.835135
560.337280	1574.959525
561.084045	1511.216180
561.830811	1421.940616
562.577515	1365.544805
563.324158	1279.654333
564.070801	1223.963615
564.817383	1141.042161
565.563904	1082.081720
566.310364	1036.948584
567.056824	988.788578
567.803223	945.271848
568.549561	912.250520
569.295837	843.296526
570.042114	798.220896
570.788330	727.648340
571.534485	706.220777
572.280640	656.481743
573.026733	644.676251
573.772766	635.634242
574.518738	731.384720
575.264709	1198.767336
576.010620	3064.663515
576.756470	6831.871128
577.502319	6420.288863
578.248047	5827.270739
578.993835	7879.617224
579.739502	5724.612641
580.485107	3274.826147
581.230713	1824.308494
581.976318	1199.945751
582.721802	948.582028
583.467285	774.340973
584.212708	645.800595
584.958069	648.681523
585.703430	795.349559
586.448669	1372.685825
587.193909	2126.542042
587.939148	1901.561334
588.684265	1213.064817
589.429382	825.926621
590.174500	724.429144
590.919495	835.713238
591.664490	1100.379832
592.409424	1538.348224
593.154297	1834.380176
593.899170	1562.080346
594.643982	1106.825326
595.388733	828.763269
596.133423	701.637471
596.878113	688.751552
597.622742	741.053501
598.367310	893.465820
599.111816	1022.026793
599.856323	1018.975668
600.600769	844.852193
601.345215	692.895284
602.089539	550.118168
602.833862	486.863597
603.578125	450.089998
604.322388	459.340657
605.066528	464.383226
605.810669	471.603626
606.554810	507.874430
607.298828	593.566658
608.042847	704.419315
608.786804	965.455062
609.530701	1555.281011
610.274597	2887.828845
611.018433	4710.686198
611.762207	4835.467461
612.505981	3500.538008
613.249634	2426.788634
613.993286	1781.706326
614.736938	1407.375939
615.480469	1050.593980
616.223999	775.728642
616.967468	579.391827
617.710938	465.791402
618.454285	398.074831
619.197632	373.232680
619.940979	358.040339
620.684204	372.627850
621.427429	373.444695
622.170593	422.972153
622.913696	440.688468
623.656799	487.175951
624.399841	483.950338
625.142822	488.140224
625.885742	477.699265
626.628662	470.019591
627.371521	450.040540
628.114319	459.772891
628.857117	467.628099
629.599854	517.354310
630.342529	582.881678
631.085144	633.940512
631.827759	584.003528
632.570313	516.107476
633.312805	442.368056
634.055237	398.538696
634.797668	350.975966
635.540039	326.761485
636.282349	284.141715
637.024658	260.302256
637.766907	238.745432
638.509094	241.743424
639.251221	238.260603
639.993347	243.782245
640.735413	248.336947
641.477417	250.596278
642.219421	234.315950
642.961304	235.713094
643.703186	220.175924
644.445068	223.169278
645.186829	220.346383
645.928589	234.990192
646.670288	243.644725
647.411987	268.922241
648.153625	285.738684
648.895203	328.952208
649.636719	374.915060
650.378174	424.348662
651.119629	447.355406
651.861023	460.414981
652.602417	447.940661
653.343689	450.384077
654.084961	438.749015
654.826172	456.884581
655.567383	482.063975
656.308472	522.388935
657.049561	569.238178
657.790649	639.353952
658.531616	674.466128
659.272583	707.194869
660.013489	706.196652
660.754395	689.575194
661.495178	655.439897
662.235962	621.520620
662.976746	573.802885
663.717407	527.795136
664.458069	477.272987
665.198669	460.950594
665.939209	438.376585
666.679749	432.083008
667.420227	407.254125
668.160645	382.336066
668.901001	345.378484
669.641357	306.284464
670.381653	272.173046
671.121887	249.343182
671.862122	218.357722
672.602234	220.365569
673.342407	192.115035
674.082458	188.328308
674.822510	176.230047
675.562439	175.658070
676.302429	173.537374
677.042297	172.302865
677.782166	169.621144
678.521973	172.941741
679.261719	167.080911
680.001465	173.873850
680.741150	164.913308
681.480774	181.379556
682.220337	168.207117
682.959900	168.476958
683.699402	170.096856
684.438843	175.276769
685.178223	174.244445
685.917603	191.352752
686.656921	212.575933
687.396179	251.395785
688.135437	244.914285
688.874634	231.388600
689.613770	198.343620
690.352905	203.172256
691.091919	201.979291
691.830933	179.292804
692.569885	194.322713
693.308838	234.979045
694.047729	225.592157
694.786560	201.711166
695.525330	166.694093
696.264099	156.492495
697.002808	140.756883
697.741455	132.413677
698.480042	145.007062
699.218628	140.840669
699.957153	136.920504
700.695618	143.211453
701.434082	141.597848
702.172485	151.824408
702.910828	153.102338
703.649109	182.171338
704.387390	209.637054
705.125610	274.854237
705.863770	411.608967
706.601929	547.783725
707.339966	595.076646
708.078003	611.574214
708.816040	711.123365
709.553955	592.879650
710.291870	405.951240
711.029724	399.077819
711.767578	538.936870
712.505310	569.935921
713.243042	399.343494
713.980774	251.506284
714.718384	157.571351
715.455994	119.048800
716.193542	98.728245
716.931030	95.441991
717.668518	86.843255
718.405945	88.132182
719.143311	86.062471
719.880676	70.779223
720.617920	75.471512
721.355164	71.911371
722.092407	76.515575
722.829529	73.615968
723.566650	55.156186
724.303711	62.949170
725.040710	57.353256
725.777710	59.397333
726.514648	58.715780
727.251526	59.770511
727.988403	63.169638
728.725159	58.796371
729.461975	49.231565
730.198669	53.792964
730.935303	48.937828
731.671936	61.563675
732.408508	52.820769
733.145081	53.773096
733.881592	47.837647
734.617981	46.363723
735.354431	50.832958
736.090759	50.043374
736.827087	40.388083
737.563354	53.971533
738.299561	38.608579
739.035767	55.924153
739.771912	47.661464
740.507996	55.084136
741.244080	61.411792
741.980042	67.388063
742.716003	73.815929
743.451965	77.661346
744.187805	54.737417
744.923645	59.573643
745.659424	49.806965
746.395142	67.880690
747.130859	58.424738
747.866516	56.029120
748.602112	46.560112
749.337708	47.566884
750.073242	47.124919
750.808716	52.393633
751.544128	47.980873
752.279480	55.476666
753.014832	36.975094
753.750122	54.850176
754.485413	51.904289
755.220642	48.005126
755.955750	45.898080
756.690918	50.448879
757.425964	47.166774
758.161011	47.470292
758.895996	38.110278
759.630920	48.884095
760.365845	40.074238
761.100708	50.921831
761.835510	46.500250
762.570313	47.812730
763.304993	49.222726
764.039673	51.543118
764.774353	50.381285
765.508911	53.072765
766.243469	43.614777
766.977966	61.347721
767.712402	39.813587
768.446838	54.028103
769.181213	57.136349
769.915527	61.803162
770.649841	54.183653
771.384033	60.518836
772.118225	85.916230
772.852417	111.604455
773.586487	90.906839
774.320557	85.306773
775.054565	67.320967
775.788574	63.137110
776.522461	59.394465
777.256348	56.888543
777.990234	58.280503
778.723999	60.109437
779.457764	54.848208
780.191467	65.103881
780.925110	53.728416
781.658752	67.861498
782.392334	56.435211
783.125854	56.612572
783.859314	62.518672
784.592773	59.805684
785.326172	60.104109
786.059509	60.757894
786.792847	57.648464
787.526123	70.896249
788.259338	61.710052
788.992493	73.468348
789.725647	55.805941
790.458740	63.616067
791.191772	60.238305
791.924744	66.482013
792.657715	67.634642
793.390625	71.594210
794.123535	82.100550
794.856323	97.305455
795.589111	79.607261
796.321838	86.953298
797.054565	75.529483
797.787170	81.179203
798.519775	88.197308
799.252319	92.406603
799.984863	100.816412
800.717346	105.350837
801.449768	115.281398
802.182129	117.039793
802.914490	115.688431
803.646790	162.711577
804.379028	175.751106
805.111206	174.563562
805.843384	152.646931
806.575500	136.929660
807.307556	121.194403
808.039612	103.000087
808.771606	103.956986
809.503540	119.367602
810.235413	136.804298
810.967285	179.970538
811.699097	182.369210
812.430847	150.831908
813.162537	134.882883
813.894226	115.896799
814.625854	123.087686
815.357422	116.875677
816.088989	122.572971
816.820496	136.519172
817.551941	122.325654
818.283325	145.064128
819.014709	157.327709
819.746033	170.771120
820.477295	201.843563
821.208557	207.144288
821.939697	195.618228
822.670837	171.811213
823.401978	159.469968
824.132996	154.963985
824.864014	138.478697
825.594971	157.930394
826.325928	174.304403
827.056824	174.129848
827.787659	174.373290
828.518433	149.707076
829.249146	146.888270
829.979858	154.587751
830.710510	146.195325
831.441162	148.367344
832.171692	152.058336
832.902222	148.547352
833.632690	140.143430
834.363159	146.596385
835.093567	155.870970
835.823914	139.929459
836.554199	152.692940
837.284424	157.135962
838.014648	160.339848
838.744812	171.725895
839.474976	182.184852
840.205017	206.809405
840.935059	230.653339
841.665100	232.273295
842.395020	249.852512
843.124939	201.839958
843.854797	203.998530
844.584595	182.193989
845.314392	189.227632
846.044128	193.987211
846.773804	191.133326
847.503418	199.391841
848.233032	220.765691
848.962585	215.588132
849.692078	237.821437
850.421570	228.615218
851.151001	233.751627
851.880371	235.668706
852.609680	207.238060
853.338989	188.146670
854.068237	176.811402
854.797424	160.485952
855.526550	156.522039
856.255676	132.950805
856.984741	155.861712
857.713745	141.524242
858.442749	152.537900
859.171692	149.350438
859.900574	157.098416
860.629395	179.059421
861.358215	195.713290
862.086975	229.840884
862.815674	254.099653
863.544373	237.037548
864.272949	216.088732
865.001526	183.408832
865.730103	167.817934
866.458557	151.708238
867.187012	143.462834
867.915405	136.382984
868.643799	131.140806
869.372131	120.211664
870.100403	126.532109
870.828613	110.242524
871.556763	118.930572
872.284912	97.925812
873.013000	112.301274
873.741089	105.427554
874.469055	102.319238
875.197021	123.594558
875.924927	136.985330
876.652832	128.479136
877.380615	125.602158
878.108459	122.046226
878.836182	129.255342
879.563843	104.931710
880.291504	116.599022
881.019104	100.105426
881.746704	112.729204
882.474182	111.137145
883.201660	121.507482
883.929138	100.139020
884.656494	114.042907
885.383850	97.398680
886.111145	121.293405
886.838379	105.858926
887.565613	111.651317
888.292786	113.297612
889.019897	130.816457
889.746948	109.663593
890.473999	129.552796
891.200989	109.288485
891.927917	141.026634
892.654846	103.199375
893.381653	129.940677
894.108521	117.626083
894.835266	114.118754
895.562012	109.820065
896.288635	121.196426
897.015320	112.706807
897.741882	138.833701
898.468445	117.222075
899.194946	139.100405
899.921387	105.353096
900.647827	130.536992
901.374146	114.777917
902.100525	126.090258
902.826782	110.876554
903.553040	131.046789
904.279236	124.138386
905.005371	120.642481
905.731445	105.910267
906.457520	144.064152
907.183533	108.666376
907.909485	122.268438
908.635437	99.450612
909.361328	117.485277
910.087158	127.487812
910.812927	139.303868
911.538696	205.865295
912.264404	284.463783
912.990051	204.569388
913.715698	183.435002
914.441284	127.981910
915.166809	136.794703
915.892273	126.759789
916.617737	122.525470
917.343140	121.503306
918.068481	117.429904
918.793762	104.113372
919.519043	124.933416
920.244263	102.652332
920.969421	134.559774
921.694580	119.686762
922.419678	151.953823
923.144714	165.194150
923.869690	236.025168
924.594666	235.502703
925.319580	205.612888
926.044434	156.181610
926.769226	155.854033
927.494019	125.194069
928.218750	138.146467
928.943481	113.321350
929.668091	131.455487
930.392700	124.672187
931.117249	124.342824
931.841797	111.763915
932.566223	134.327479
933.290649	126.986304
934.015076	175.569587
934.739380	133.555558
935.463684	166.502107
936.187927	128.153002
936.912109	144.070900
937.636292	143.942152
938.360413	166.696070
939.084473	179.076538
939.808472	154.459798
940.532471	157.056790
941.256409	209.173888
941.980286	132.840633
942.704163	233.176490
943.427979	191.403979
944.151733	224.301716
944.875427	174.964335
945.599121	176.536999
946.322754	149.379422
947.046326	182.779582
947.769897	129.864584
948.493347	206.987366
949.216797	138.008754
949.940247	187.447539
950.663574	129.202891
951.386902	184.706259
952.110168	178.285460
952.833435	202.652742
953.556580	164.578008
954.279724	175.879301
955.002869	137.656217
955.725891	152.867696
956.448914	127.702400
