193.701462	955.974171
194.469650	907.897216
195.237793	980.493367
196.005890	644.684091
196.773941	734.847687
197.541962	602.738074
198.309921	512.173116
199.077850	488.124241
199.845718	530.387248
200.613556	416.723271
201.381348	466.078179
202.149094	380.109712
202.916794	216.488442
203.684448	299.829014
204.452057	290.133194
205.219635	211.855933
205.987152	301.073569
206.754639	238.985034
207.522064	168.801305
208.289459	260.043504
209.056808	199.701840
209.824112	191.011811
210.591370	192.081095
211.358582	102.872081
212.125763	170.535679
212.892883	147.203053
213.659973	121.410463
214.427002	164.327686
215.194000	135.751591
215.960953	159.130822
216.727859	129.841712
217.494720	104.072341
218.261536	118.184672
219.028305	102.450623
219.795044	96.307630
220.561722	107.837362
221.328369	120.367948
222.094955	88.058655
222.861511	76.631276
223.628021	90.442668
224.394485	74.973440
225.160904	78.385020
225.927277	77.565985
226.693604	75.578580
227.459900	73.643180
228.226135	60.851954
228.992340	53.297936
229.758484	60.304675
230.524597	64.920322
231.290665	72.886143
232.056686	65.239174
232.822662	43.140780
233.588593	44.150841
234.354492	50.573865
235.120331	59.105615
235.886124	48.660322
236.651886	47.089192
237.417603	52.331524
238.183273	49.901100
238.948883	44.034917
239.714462	50.894309
240.480011	43.917684
241.245499	50.493168
242.010941	54.025762
242.776352	50.581103
243.541702	46.145268
244.307022	43.809896
245.072281	50.337589
245.837509	47.206109
246.602692	44.565503
247.367828	43.265820
248.132919	46.941700
248.897980	50.168383
249.662979	48.902698
250.427933	58.517195
251.192856	43.695134
251.957733	49.287259
252.722549	50.431199
253.487335	40.630283
254.252075	38.876141
255.016769	45.333108
255.781433	47.188755
256.546021	45.710131
257.310608	40.693246
258.075104	39.253432
258.839600	49.392700
259.604004	45.901448
260.368408	41.162940
261.132751	37.907510
261.897034	41.462480
262.661285	38.440656
263.425507	37.981864
264.189667	45.291225
264.953796	48.557286
265.717865	48.573526
266.481903	47.707273
267.245880	43.524182
268.009827	49.670348
268.773743	44.106698
269.537598	50.494425
270.301392	53.553168
271.065155	53.678928
271.828888	53.073211
272.592560	54.184623
273.356201	53.447594
274.119781	49.302183
274.883331	47.795059
275.646851	50.239935
276.410309	45.143480
277.173706	48.166096
277.937073	42.627530
278.700409	44.916581
279.463684	40.290487
280.226929	46.560166
280.990112	48.921654
281.753265	44.987675
282.516357	38.202301
283.279419	38.530396
284.042450	43.767173
284.805420	41.414203
285.568329	43.101697
286.331238	45.551550
287.094055	45.557112
287.856842	39.266280
288.619598	45.129870
289.382324	32.948383
290.144989	46.171132
290.907593	37.034494
291.670166	43.201528
292.432709	29.998787
293.195190	42.365054
293.957611	34.344891
294.720032	36.210311
295.482361	35.049092
296.244690	36.759391
297.006958	32.481207
297.769165	38.984998
298.531342	31.813018
299.293457	40.204834
300.055573	32.940642
300.817596	38.169286
301.579590	38.896159
302.341553	39.780831
303.103455	34.673253
303.865326	34.367250
304.627167	23.724554
305.388916	36.621636
306.150665	31.097057
306.912354	41.022212
307.674011	45.702542
308.435608	36.724388
309.197144	36.751523
309.958679	36.446281
310.720123	35.657766
311.481567	38.805242
312.242950	38.346759
313.004272	35.950225
313.765564	39.106660
314.526825	31.412247
315.288025	32.815600
316.049164	30.669971
316.810303	33.211464
317.571350	29.936830
318.332397	32.929375
319.093384	26.757775
319.854309	35.945798
320.615204	29.614994
321.376068	41.099544
322.136871	36.057037
322.897614	36.258902
323.658325	37.727160
324.419006	36.689375
325.179626	37.541208
325.940216	40.423658
326.700775	36.287210
327.461243	26.572990
328.221710	33.336674
328.982117	40.380223
329.742493	32.112995
330.502808	34.358123
331.263062	28.454961
332.023315	34.865475
332.783478	37.424622
333.543640	35.084243
334.303741	32.135124
335.063782	44.162986
335.823792	30.366664
336.583771	35.514046
337.343689	29.224704
338.103546	38.009900
338.863403	32.349993
339.623169	33.832579
340.382935	35.151480
341.142609	35.106542
341.902283	25.083596
342.661896	38.014074
343.421448	31.165237
344.180969	33.048202
344.940460	28.165446
345.699890	32.706336
346.459290	31.849855
347.218628	36.468762
347.977936	29.234621
348.737183	31.027909
349.496399	30.468755
350.255585	35.761278
351.014709	29.692506
351.773773	33.692154
352.532806	32.337565
353.291809	36.805438
354.050751	26.519994
354.809662	32.626642
355.568542	32.081332
356.327332	31.983138
357.086121	30.875510
357.844849	31.805677
358.603516	25.435494
359.362152	32.514653
360.120758	30.222693
360.879303	31.876150
361.637817	34.400317
362.396271	37.485280
363.154694	34.664105
363.913086	30.060011
364.671417	34.231649
365.429688	36.613797
366.187927	24.868000
366.946136	36.812245
367.704285	31.762786
368.462402	34.785128
369.220459	34.451263
369.978485	32.225079
370.736450	32.097703
371.494385	33.745908
372.252258	30.493823
373.010101	32.204253
373.767914	34.006342
374.525665	32.971091
375.283386	25.893854
376.041046	28.135115
376.798676	36.590036
377.556244	26.915793
378.313782	28.025539
379.071259	31.310929
379.828705	29.260909
380.586121	30.399451
381.343475	31.544023
382.100800	29.931093
382.858063	27.094164
383.615295	27.539782
384.372467	25.401733
385.129608	24.301251
385.886688	23.366286
386.643738	30.111624
387.400726	35.566037
388.157715	27.874396
388.914612	28.460611
389.671478	29.996945
390.428314	34.250985
391.185089	27.807296
391.941833	30.949850
392.698517	24.163967
393.455170	28.421591
394.211792	25.434945
394.968353	33.699147
395.724854	30.096437
396.481323	28.871532
397.237762	24.878126
397.994141	29.844896
398.750488	30.578577
399.506775	32.425134
400.263031	33.769485
401.019257	30.081068
401.775421	25.383761
402.531525	35.794392
403.287598	31.379665
404.043640	40.389006
404.799622	41.674230
405.555573	39.272721
406.311462	24.585057
407.067322	31.947328
407.823120	23.364204
408.578888	31.299730
409.334625	26.648161
410.090302	30.658466
410.845917	28.102323
411.601532	32.695944
412.357056	29.071494
413.112549	38.799255
413.868011	30.684084
414.623444	36.825922
415.378784	31.774034
416.134125	35.834824
416.889404	31.336199
417.644623	37.150250
418.399841	38.788353
419.154968	41.723449
419.910065	39.651720
420.665131	47.541738
421.420166	40.411616
422.175110	54.430977
422.930054	48.697920
423.684937	58.301812
424.439758	49.984350
425.194550	58.809933
425.949310	62.942034
426.704010	63.903951
427.458679	65.573626
428.213287	73.557666
428.967865	68.029456
429.722382	81.699538
430.476868	76.593650
431.231323	82.975517
431.985718	80.680421
432.740051	98.215775
433.494385	110.947044
434.248627	151.962709
435.002838	233.205229
435.757019	356.177303
436.511169	261.608125
437.265228	162.537381
438.019287	120.525032
438.773285	118.683215
439.527222	112.735959
440.281158	120.116118
441.035004	123.270531
441.788818	121.530507
442.542603	117.972028
443.296326	127.480484
444.050018	120.308813
444.803680	125.439054
445.557281	123.964976
446.310822	125.259529
447.064331	124.442529
447.817810	122.851642
448.571228	116.807221
449.324615	122.590108
450.077942	111.195874
450.831238	118.558692
451.584473	109.479787
452.337677	118.095777
453.090851	113.315639
453.843964	109.103666
454.597015	108.257548
455.350037	108.052934
456.103027	102.968030
456.855957	106.203958
457.608856	101.936780
458.361694	100.008858
459.114502	102.263379
459.867279	103.114782
460.619995	97.295694
461.372650	94.859162
462.125275	93.642991
462.877869	100.207778
463.630402	95.666001
464.382904	98.969657
465.135345	95.709667
465.887756	96.935010
466.640106	91.793900
467.392426	89.866173
468.144714	86.455697
468.896942	88.503057
469.649139	84.705100
470.401276	87.277268
471.153351	84.614213
471.905426	85.411919
472.657440	83.346297
473.409393	78.361234
474.161316	82.102126
474.913177	77.854231
475.665009	78.379312
476.416809	77.480669
477.168549	76.498562
477.920258	77.833188
478.671906	76.677044
479.423523	73.917201
480.175079	73.763345
480.926605	72.191798
481.678070	71.273477
482.429504	66.037068
483.180908	61.872969
483.932251	61.431816
484.683563	62.342935
485.434814	60.503786
486.186005	60.519721
486.937195	54.680326
487.688324	58.633998
488.439392	56.441216
489.190430	55.765833
489.941406	60.449802
490.692352	61.851428
491.443268	60.312397
492.194122	61.281744
492.944946	53.834335
493.695709	63.677202
494.446442	66.624106
495.197113	67.234952
495.947754	69.821531
496.698364	71.777501
497.448914	72.112080
498.199402	81.281462
498.949860	82.427740
499.700287	87.481258
500.450653	91.637499
501.200989	97.600719
501.951263	99.936543
502.701508	109.413826
503.451721	117.401074
504.201874	122.186764
504.951965	128.038995
505.702026	143.011609
506.452057	149.372685
507.202026	161.663636
507.951965	166.507406
508.701843	180.413206
509.451691	186.219015
510.201477	194.086138
510.951233	203.087894
511.700958	217.224578
512.450623	220.848554
513.200256	232.225848
513.949829	236.046490
514.699341	238.652138
515.448853	235.576053
516.198303	238.621613
516.947693	236.812059
517.697021	245.506680
518.446350	241.212874
519.195618	241.264672
519.944824	233.599184
520.694031	236.423725
521.443176	232.237568
522.192261	225.922755
522.941284	215.078306
523.690308	217.289639
524.439270	211.035500
525.188171	209.004100
525.937012	198.481238
526.685852	194.908763
527.434631	185.922979
528.183411	186.075668
528.932068	176.319538
529.680725	168.507795
530.429321	164.795560
531.177917	158.882203
531.926392	154.876481
532.674866	146.750602
533.423279	140.278400
534.171692	144.542202
534.920044	129.868608
535.668335	128.197642
536.416565	115.785212
537.164795	118.283006
537.912964	108.497720
538.661072	107.983896
539.409119	101.432563
540.157166	98.577679
540.905151	94.700575
541.653076	91.766408
542.401001	84.418042
543.148865	93.005249
543.896667	98.195107
544.644409	155.100714
545.392151	325.893317
546.139832	509.884366
546.887451	327.099769
547.635010	171.368595
548.382568	98.589172
549.130066	84.018754
549.877502	71.592341
550.624939	69.673141
551.372314	65.515394
552.119629	72.728347
552.866882	60.859039
553.614136	71.256751
554.361328	66.839320
555.108459	71.464045
555.855591	64.943424
556.602661	66.990782
557.349670	62.676996
558.096619	73.264506
558.843567	68.166907
559.590454	69.588842
560.337280	67.854404
561.084045	81.407594
561.830811	79.703029
562.577515	91.702611
563.324158	96.020112
564.070801	112.330496
564.817383	114.139363
565.563904	132.102860
566.310364	128.384110
567.056824	135.348830
567.803223	129.488082
568.549561	142.392296
569.295837	137.751755
570.042114	141.637056
570.788330	136.634604
571.534485	146.548849
572.280640	135.286956
573.026733	148.661088
573.772766	148.461440
574.518738	166.334384
575.264709	199.177023
576.010620	352.962756
576.756470	640.590314
577.502319	652.754339
578.248047	724.947760
578.993835	1071.754518
579.739502	861.925385
580.485107	603.975591
581.230713	436.787973
581.976318	398.153676
582.721802	381.986220
583.467285	374.418943
584.212708	371.169140
584.958069	423.069489
585.703430	566.911096
586.448669	988.714467
587.193909	1557.972649
587.939148	1481.513821
588.684265	1056.234827
589.429382	867.080714
590.174500	886.668616
590.919495	1148.393122
591.664490	1657.508909
592.409424	2536.971852
593.154297	3220.295012
593.899170	2923.930567
594.643982	2276.710306
595.388733	1888.161256
596.133423	1804.591034
596.878113	1974.693674
597.622742	2351.026694
598.367310	3082.205118
599.111816	3859.922686
599.856323	4098.650214
600.600769	3686.116704
601.345215	3156.332160
602.089539	2759.476043
602.833862	2639.570031
603.578125	2729.868683
604.322388	2997.039429
605.066528	3338.715492
605.810669	3803.813780
606.554810	4498.715476
607.298828	5620.222784
608.042847	7499.999565
608.786804	11318.095035
609.530701	19926.215414
610.274597	39384.715473
611.018433	63078.142982
611.762207	63149.479096
612.505981	55241.927250
613.249634	40989.955504
613.993286	32556.518795
614.736938	27176.266803
615.480469	21818.837819
616.223999	16823.200946
616.967468	13309.547051
617.710938	11167.007802
618.454285	10135.605123
619.197632	9878.965925
619.940979	10120.515889
620.684204	10822.404616
621.427429	11996.215195
622.170593	13720.415634
622.913696	15680.847003
623.656799	17450.538924
624.399841	18592.337375
625.142822	19213.774190
625.885742	19461.086679
626.628662	19638.329994
627.371521	19858.332332
628.114319	20512.801281
628.857117	21827.085179
629.599854	24580.014947
630.342529	28861.471649
631.085144	31722.650247
631.827759	30017.997564
632.570313	26710.259255
633.312805	23635.698630
634.055237	21068.352758
634.797668	18810.155252
635.540039	16919.523302
636.282349	15394.537730
637.024658	14218.960884
637.766907	13589.901641
638.509094	13494.234167
639.251221	13902.757515
639.993347	14647.611337
640.735413	15270.698317
641.477417	15399.384950
642.219421	15131.716545
642.961304	14794.318698
643.703186	14603.088650
644.445068	14756.232497
645.186829	15323.882881
645.928589	16203.231980
646.670288	17458.429914
647.411987	19270.948977
648.153625	21833.605636
648.895203	25295.475895
649.636719	29831.211025
650.378174	34361.609014
651.119629	36892.514163
651.861023	37595.482707
652.602417	37534.241620
653.343689	37145.556403
654.084961	36859.255940
654.826172	37535.512199
655.567383	39610.936900
656.308472	43078.907565
657.049561	47601.856641
657.790649	52622.987040
658.531616	56549.315080
659.272583	58480.118667
660.013489	58040.530475
660.754395	55662.438900
661.495178	52372.315620
662.235962	48495.343312
662.976746	43766.670841
663.717407	38833.815520
664.458069	34892.624294
665.198669	31884.140637
665.939209	29785.451413
666.679749	28079.047909
667.420227	26146.672565
668.160645	23666.090304
668.901001	20743.634330
669.641357	17773.176810
670.381653	15184.209608
671.121887	13093.294942
671.862122	11468.778420
672.602234	10233.288557
673.342407	9263.252040
674.082458	8473.997038
674.822510	7843.124891
675.562439	7306.732109
676.302429	6874.920504
677.042297	6494.031749
677.782166	6181.132048
678.521973	5907.862918
679.261719	5702.495900
680.001465	5507.151830
680.741150	5315.735222
681.480774	5118.033764
682.220337	5004.911168
682.959900	4865.174755
683.699402	4696.606391
684.438843	4573.200972
685.178223	4501.110980
685.917603	4612.380084
686.656921	5038.828686
687.396179	5581.476299
688.135437	5490.022663
688.874634	4816.046796
689.613770	4215.916215
690.352905	4031.682045
691.091919	3725.804530
691.830933	3323.718405
692.569885	3386.480437
693.308838	3886.475264
694.047729	3766.461631
694.786560	3082.164515
695.525330	2598.993920
696.264099	2265.719657
697.002808	2066.980560
697.741455	1931.192166
698.480042	1847.572499
699.218628	1795.944233
699.957153	1751.474424
700.695618	1725.335446
701.434082	1718.137155
702.172485	1744.273516
702.910828	1830.040693
703.649109	2054.201976
704.387390	2332.255203
705.125610	2971.825542
705.863770	4273.161585
706.601929	5850.671327
707.339966	6256.383795
708.078003	6322.373786
708.816040	7326.595833
709.553955	6040.533740
710.291870	4147.207160
711.029724	3950.265037
711.767578	5314.778993
712.505310	5592.444990
713.243042	3913.636753
713.980774	2414.790631
714.718384	1548.701278
715.455994	1113.463426
716.193542	927.806162
716.931030	823.954438
717.668518	772.384153
718.405945	737.604193
719.143311	713.545052
719.880676	674.753675
720.617920	650.926193
721.355164	633.829347
722.092407	623.164156
722.829529	577.445184
723.566650	557.718830
724.303711	539.195756
725.040710	530.388444
725.777710	499.689790
726.514648	496.805803
727.251526	479.991137
727.988403	467.821522
728.725159	446.091218
729.461975	433.869619
730.198669	420.587145
730.935303	402.348305
731.671936	392.119388
732.408508	380.893485
733.145081	354.395392
733.881592	340.460137
734.617981	318.382099
735.354431	321.092617
736.090759	302.009074
736.827087	299.466152
737.563354	296.234730
738.299561	288.277394
739.035767	283.430685
739.771912	299.352234
740.507996	306.721589
741.244080	349.881979
741.980042	413.148084
742.716003	447.172762
743.451965	391.755280
744.187805	318.195792
744.923645	283.009519
745.659424	277.833823
746.395142	305.811568
747.130859	291.704373
747.866516	253.811914
748.602112	227.892113
749.337708	212.651952
750.073242	219.869398
750.808716	212.954767
751.544128	211.455531
752.279480	201.861660
753.014832	200.518779
753.750122	195.403752
754.485413	177.101996
755.220642	172.589859
755.955750	174.125841
756.690918	170.318865
757.425964	167.752167
758.161011	153.699543
758.895996	154.614702
759.630920	143.759735
760.365845	147.764643
761.100708	141.205651
761.835510	146.373427
762.570313	153.527115
763.304993	173.228939
764.039673	171.713052
764.774353	153.795503
765.508911	148.278505
766.243469	148.142393
766.977966	141.366487
767.712402	138.977540
768.446838	136.624491
769.181213	151.225816
769.915527	140.475303
770.649841	146.235992
771.384033	153.244479
772.118225	214.940779
772.852417	263.422662
773.586487	220.687319
774.320557	170.310503
775.054565	150.714057
775.788574	124.149414
776.522461	124.576083
777.256348	121.860444
777.990234	113.654630
778.723999	111.018450
779.457764	112.469640
780.191467	114.780302
780.925110	120.116976
781.658752	110.835294
782.392334	116.757144
783.125854	107.454717
783.859314	112.972336
784.592773	99.205230
785.326172	109.509058
786.059509	108.190298
786.792847	106.538183
787.526123	103.959971
788.259338	102.531173
788.992493	104.133398
789.725647	99.905464
790.458740	93.809480
791.191772	103.428034
791.924744	97.921782
792.657715	103.575756
793.390625	107.064401
794.123535	122.165618
794.856323	126.826941
795.589111	119.992573
796.321838	111.606724
797.054565	120.780627
797.787170	123.693672
798.519775	123.273866
799.252319	120.382914
799.984863	132.724637
800.717346	140.012458
801.449768	157.997274
802.182129	152.391989
802.914490	166.280536
803.646790	193.762081
804.379028	223.746691
805.111206	227.159790
805.843384	201.367765
806.575500	184.740786
807.307556	166.022158
808.039612	139.342630
808.771606	135.711765
809.503540	134.689414
810.235413	175.711942
810.967285	210.807173
811.699097	229.186380
812.430847	188.130510
813.162537	167.559759
813.894226	149.737937
814.625854	148.364622
815.357422	145.314814
816.088989	161.222106
816.820496	156.048231
817.551941	160.320744
818.283325	171.220192
819.014709	190.019181
819.746033	204.589034
820.477295	235.639757
821.208557	231.866753
821.939697	233.345948
822.670837	197.981132
823.401978	206.171887
824.132996	174.310774
824.864014	175.342682
825.594971	182.079945
826.325928	212.804606
827.056824	193.541674
827.787659	191.868294
828.518433	167.818357
829.249146	171.402074
829.979858	168.605783
830.710510	178.553224
831.441162	171.148156
832.171692	180.253296
832.902222	165.529770
833.632690	168.054183
834.363159	163.103217
835.093567	175.723388
835.823914	166.227562
836.554199	182.679150
837.284424	169.754157
838.014648	190.674414
838.744812	188.779506
839.474976	212.252276
840.205017	236.523400
840.935059	263.886411
841.665100	257.378579
842.395020	274.877486
843.124939	240.784593
843.854797	230.365687
844.584595	208.934399
845.314392	219.095129
846.044128	205.198030
846.773804	218.438086
847.503418	220.539460
848.233032	238.041260
848.962585	232.233542
849.692078	265.339627
850.421570	268.577240
851.151001	259.000061
851.880371	252.502185
852.609680	241.241198
853.338989	197.192183
854.068237	200.628463
854.797424	171.307523
855.526550	174.598075
856.255676	164.654458
856.984741	180.921830
857.713745	169.133740
858.442749	173.478500
859.171692	167.403787
859.900574	187.198637
860.629395	187.763698
861.358215	223.287302
862.086975	248.352955
862.815674	276.746310
863.544373	253.909289
864.272949	238.658929
865.001526	209.880210
865.730103	184.303827
866.458557	163.557138
867.187012	170.758860
867.915405	139.797894
868.643799	140.553850
869.372131	132.254336
870.100403	143.374266
870.828613	131.375972
871.556763	137.362617
872.284912	127.127903
873.013000	127.554793
873.741089	127.447233
874.469055	127.395288
875.197021	140.028807
875.924927	151.904525
876.652832	144.851698
877.380615	144.294312
878.108459	149.575450
878.836182	159.330741
879.563843	132.545318
880.291504	140.193716
881.019104	116.636597
881.746704	131.824151
882.474182	129.506921
883.201660	129.531561
883.929138	131.689670
884.656494	135.068854
885.383850	119.347679
886.111145	136.884996
886.838379	122.888405
887.565613	131.679491
888.292786	126.856555
889.019897	143.231376
889.746948	141.456820
890.473999	147.796416
891.200989	138.988965
891.927917	144.273957
892.654846	128.358591
893.381653	146.388864
894.108521	145.095647
894.835266	143.477105
895.562012	135.899339
896.288635	142.117238
897.015320	142.213739
897.741882	140.758605
898.468445	144.291915
899.194946	148.066807
899.921387	144.064234
900.647827	135.472228
901.374146	138.277706
902.100525	150.319366
902.826782	132.607371
903.553040	150.617104
904.279236	154.606428
905.005371	140.537013
905.731445	144.795195
906.457520	155.028326
907.183533	140.477376
907.909485	138.860189
908.635437	132.941692
909.361328	144.339055
910.087158	150.309704
910.812927	160.265783
911.538696	232.625134
912.264404	313.727435
912.990051	240.731976
913.715698	207.326681
914.441284	170.283299
915.166809	164.966285
915.892273	144.790276
916.617737	148.062929
917.343140	136.386785
918.068481	135.180936
918.793762	123.393626
919.519043	137.510605
920.244263	133.673641
920.969421	137.669348
921.694580	145.091971
922.419678	157.940746
923.144714	191.579327
923.869690	252.031807
924.594666	263.086772
925.319580	224.823435
926.044434	195.377767
926.769226	170.352083
927.494019	149.199728
928.218750	135.983100
928.943481	158.204245
929.668091	159.577806
930.392700	146.440346
931.117249	150.468045
931.841797	143.553053
932.566223	144.923285
933.290649	156.592661
934.015076	201.774003
934.739380	166.167961
935.463684	163.315464
936.187927	161.423492
936.912109	167.795150
937.636292	155.050228
938.360413	171.701958
939.084473	179.612696
939.808472	198.511510
940.532471	233.586280
941.256409	209.173888
941.980286	212.057524
942.704163	251.702842
943.427979	233.212356
944.151733	258.759660
944.875427	187.141340
945.599121	186.660985
946.322754	199.380902
947.046326	209.975160
947.769897	201.100981
948.493347	222.251921
949.216797	195.807292
949.940247	200.591726
950.663574	184.816309
951.386902	185.267676
952.110168	204.718951
952.833435	227.984335
953.556580	196.431816
954.279724	188.965558
955.002869	163.338347
955.725891	167.595813
956.448914	163.969882
