193.701462	1142.643684
194.469650	986.844800
195.237793	710.312973
196.005890	586.429504
196.773941	587.878150
197.541962	477.818266
198.309921	351.767250
199.077850	498.346739
199.845718	397.206309
200.613556	268.507262
201.381348	380.795789
202.149094	271.769262
202.916794	199.442108
203.684448	268.101076
204.452057	227.961796
205.219635	162.007478
205.987152	236.187024
206.754639	192.651201
207.522064	148.131758
208.289459	208.034803
209.056808	145.423904
209.824112	160.954115
210.591370	153.481066
211.358582	103.743879
212.125763	155.634503
212.892883	115.715769
213.659973	148.390565
214.427002	111.457039
215.194000	111.875683
215.960953	119.348117
216.727859	92.387372
217.494720	102.277990
218.261536	72.287712
219.028305	83.723090
219.795044	94.190978
220.561722	85.456022
221.328369	119.878647
222.094955	80.995127
222.861511	77.538155
223.628021	46.750558
224.394485	70.761449
225.160904	63.763980
225.927277	72.865016
226.693604	50.637649
227.459900	52.133539
228.226135	55.927519
228.992340	37.342503
229.758484	62.271132
230.524597	43.702461
231.290665	55.430218
232.056686	45.667422
232.822662	38.539097
233.588593	35.488334
234.354492	51.933377
235.120331	41.612473
235.886124	57.978256
236.651886	32.658633
237.417603	49.107307
238.183273	41.381400
238.948883	39.966473
239.714462	42.647546
240.480011	42.755841
241.245499	42.689678
242.010941	40.859820
242.776352	39.790467
243.541702	40.349244
244.307022	33.189315
245.072281	32.972220
245.837509	31.689286
246.602692	36.304581
247.367828	43.265820
248.132919	37.682558
248.897980	46.094882
249.662979	40.360742
250.427933	48.941654
251.192856	44.755695
251.957733	40.402860
252.722549	49.587162
253.487335	38.946126
254.252075	37.405151
255.016769	32.320827
255.781433	38.799643
256.546021	36.274554
257.310608	30.415055
258.075104	31.906533
258.839600	36.991979
259.604004	33.689136
260.368408	39.896388
261.132751	26.259951
261.897034	38.273058
262.661285	35.237268
263.425507	37.123516
264.189667	35.585963
264.953796	37.285059
265.717865	33.544049
266.481903	42.236255
267.245880	38.248523
268.009827	45.696720
268.773743	35.462672
269.537598	40.706959
270.301392	47.082160
271.065155	46.745400
271.828888	32.918827
272.592560	43.213356
273.356201	42.713349
274.119781	47.294402
274.883331	36.013021
275.646851	44.264260
276.410309	40.298814
277.173706	40.941182
277.937073	50.022102
278.700409	30.016369
279.463684	33.003909
280.226929	37.843423
280.990112	38.378194
281.753265	42.895225
282.516357	35.918468
283.279419	29.052331
284.042450	34.154757
284.805420	31.263663
285.568329	42.497468
286.331238	38.558987
287.094055	29.711160
287.856842	36.321309
288.619598	37.154332
289.382324	30.828896
290.144989	37.967170
290.907593	30.610143
291.670166	42.640469
292.432709	22.962035
293.195190	28.610166
293.957611	31.982544
294.720032	33.147747
295.482361	31.115011
296.244690	25.039006
297.006958	37.777056
297.769165	36.702093
298.531342	31.463424
299.293457	30.980348
300.055573	25.659026
300.817596	32.469800
301.579590	34.249273
302.341553	28.292402
303.103455	30.403148
303.865326	22.627942
304.627167	29.147309
305.388916	30.546157
306.150665	32.946071
306.912354	23.608702
307.674011	38.363448
308.435608	28.914224
309.197144	30.626269
309.958679	31.498822
310.720123	35.657766
311.481567	30.618482
312.242950	34.756850
313.004272	27.003336
313.765564	35.212221
314.526825	26.554683
315.288025	32.330640
316.049164	28.571499
316.810303	33.211464
317.571350	30.902534
318.332397	29.234860
319.093384	27.879359
319.854309	29.715193
320.615204	27.385909
321.376068	33.641326
322.136871	27.042778
322.897614	19.390630
323.658325	36.941178
324.419006	28.849765
325.179626	35.976991
325.940216	31.527332
326.700775	30.213385
327.461243	24.863616
328.221710	31.941186
328.982117	33.882256
329.742493	33.811279
330.502808	26.962653
331.263062	28.762582
332.023315	27.800224
332.783478	35.584067
333.543640	26.198277
334.303741	36.878880
335.063782	35.605452
335.823792	35.860131
336.583771	28.807531
337.343689	39.118484
338.103546	26.911009
338.863403	27.489900
339.623169	27.915670
340.382935	35.454510
341.142609	24.968014
341.902283	25.688020
342.661896	27.454609
343.421448	31.466350
344.180969	31.846449
344.940460	35.356623
345.699890	33.453056
346.459290	32.445180
347.218628	26.684460
347.977936	25.838680
348.737183	27.645720
349.496399	28.417974
350.255585	28.900951
351.014709	28.382543
351.773773	28.028386
352.532806	30.887450
353.291809	28.111240
354.050751	33.041304
354.809662	30.016511
355.568542	33.097483
356.327332	29.366336
357.086121	29.419118
357.844849	25.532080
358.603516	24.704589
359.362152	28.706630
360.120758	29.929268
360.879303	27.322414
361.637817	35.870416
362.396271	34.839261
363.154694	31.432705
363.913086	30.793182
364.671417	30.281844
365.429688	36.030310
366.187927	25.595134
366.946136	35.218014
367.704285	34.939065
368.462402	29.610481
369.220459	27.875504
369.978485	33.644686
370.736450	32.520041
371.494385	31.514773
372.252258	27.596220
373.010101	30.020914
373.767914	35.490745
374.525665	31.369257
375.283386	33.027875
376.041046	31.668362
376.798676	36.590036
377.556244	19.703906
378.313782	31.480743
379.071259	32.329171
379.828705	33.947721
380.586121	34.562031
381.343475	34.057491
382.100800	29.555389
382.858063	34.835354
383.615295	33.396659
384.372467	32.748313
385.129608	34.146373
385.886688	33.612465
386.643738	41.654413
387.400726	40.232503
388.157715	36.743522
388.914612	40.658016
389.671478	43.343044
390.428314	48.966223
391.185089	43.227706
391.941833	44.537590
392.698517	48.453135
393.455170	46.621381
394.211792	49.505087
394.968353	54.437084
395.724854	56.507596
396.481323	60.067467
397.237762	50.853817
397.994141	58.593448
398.750488	60.669846
399.506775	58.999116
400.263031	72.537342
401.019257	69.296063
401.775421	67.770997
402.531525	88.034856
403.287598	107.364140
404.043640	171.952010
404.799622	191.511490
405.555573	138.692854
406.311462	98.808515
407.067322	98.513941
407.823120	104.505897
408.578888	102.435480
409.334625	105.805569
410.090302	110.192749
410.845917	110.104024
411.601532	130.240656
412.357056	133.082839
413.112549	151.135390
413.868011	160.746376
414.623444	178.009541
415.378784	194.419339
416.134125	223.134282
416.889404	242.726271
417.644623	281.089875
418.399841	310.917662
419.154968	352.376246
419.910065	392.501831
420.665131	447.851158
421.420166	498.277216
422.175110	575.001687
422.930054	639.420552
423.684937	718.428775
424.439758	791.846933
425.194550	892.492446
425.949310	985.568159
426.704010	1085.290689
427.458679	1199.938801
428.213287	1318.200078
428.967865	1448.901259
429.722382	1592.366580
430.476868	1732.677781
431.231323	1891.186466
431.985718	2089.228648
432.740051	2402.494182
433.494385	3060.776748
434.248627	4379.341204
435.002838	7633.240278
435.757019	11616.955203
436.511169	8461.393741
437.265228	4990.372852
438.019287	3802.137702
438.773285	3646.854598
439.527222	3754.107435
440.281158	3916.278050
441.035004	4054.093922
441.788818	4220.603901
442.542603	4361.745881
443.296326	4484.152054
444.050018	4590.178454
444.803680	4724.618962
445.557281	4843.799157
446.310822	4922.340534
447.064331	4983.649459
447.817810	5045.692447
448.571228	5077.201667
449.324615	5110.622341
450.077942	5129.698228
450.831238	5126.534299
451.584473	5113.759476
452.337677	5108.958701
453.090851	5071.391643
453.843964	5019.707566
454.597015	4960.334573
455.350037	4905.115879
456.103027	4829.107000
456.855957	4749.915946
457.608856	4676.676521
458.361694	4581.393655
459.114502	4491.958456
459.867279	4393.618675
460.619995	4284.164071
461.372650	4188.532219
462.125275	4052.372684
462.877869	3937.777432
463.630402	3817.221195
464.382904	3726.442796
465.135345	3580.775911
465.887756	3472.554175
466.640106	3342.858456
467.392426	3228.128501
468.144714	3096.685867
468.896942	2992.788760
469.649139	2867.340330
470.401276	2765.230237
471.153351	2669.596494
471.905426	2582.560591
472.657440	2488.057972
473.409393	2426.682055
474.161316	2357.721832
474.913177	2290.921233
475.665009	2249.915719
476.416809	2227.546886
477.168549	2171.238077
477.920258	2148.748756
478.671906	2115.609585
479.423523	2092.719592
480.175079	2076.660341
480.926605	2064.791990
481.678070	2038.971748
482.429504	2024.604195
483.180908	2003.991780
483.932251	2017.928613
484.683563	1990.977584
485.434814	2001.955651
486.186005	1995.551149
486.937195	2002.189061
487.688324	2029.501502
488.439392	2051.201984
489.190430	2088.902577
489.941406	2150.693398
490.692352	2261.905833
491.443268	2415.801913
492.194122	2452.432771
492.944946	2454.612764
493.695709	2519.464730
494.446442	2645.749193
495.197113	2791.059501
495.947754	2950.769479
496.698364	3156.138682
497.448914	3370.879180
498.199402	3630.421637
498.949860	3910.938954
499.700287	4229.646506
500.450653	4576.990054
501.200989	4948.121032
501.951263	5362.053078
502.701508	5821.776416
503.451721	6315.815152
504.201874	6830.675194
504.951965	7402.883040
505.702026	7974.776550
506.452057	8589.200974
507.202026	9185.787477
507.951965	9763.191569
508.701843	10379.267467
509.451691	10898.366431
510.201477	11426.596345
510.951233	11904.275479
511.700958	12365.298347
512.450623	12720.679747
513.200256	13061.832768
513.949829	13260.872421
514.699341	13429.477234
515.448853	13415.847565
516.198303	13378.582587
516.947693	13174.196155
517.697021	13002.054960
518.446350	12775.377878
519.195618	12505.170603
519.944824	12222.356101
520.694031	11912.997034
521.443176	11603.891384
522.192261	11272.554831
522.941284	10918.814486
523.690308	10569.951258
524.439270	10235.440189
525.188171	9851.217069
525.937012	9514.885170
526.685852	9201.437740
527.434631	8871.281795
528.183411	8557.299804
528.932068	8291.993639
529.680725	8019.276355
530.429321	7758.592426
531.177917	7524.244690
531.926392	7273.678924
532.674866	7095.895402
533.423279	6863.383742
534.171692	6522.916653
534.920044	6164.189773
535.668335	5890.580455
536.416565	5617.080784
537.164795	5365.105302
537.912964	5158.814593
538.661072	4901.618472
539.409119	4640.695066
540.157166	4406.306705
540.905151	4213.018540
541.653076	4016.606769
542.401001	3888.400212
543.148865	3964.092359
543.896667	5146.904125
544.644409	10567.005429
545.392151	28268.614236
546.139832	44235.077465
546.887451	26963.615129
547.635010	11897.813066
548.382568	5114.602993
549.130066	2908.848650
549.877502	2342.333986
550.624939	2169.566439
551.372314	2017.998585
552.119629	1908.519689
552.866882	1798.801561
553.614136	1710.250657
554.361328	1604.940428
555.108459	1498.976029
555.855591	1383.604186
556.602661	1309.277025
557.349670	1224.449337
558.096619	1154.884605
558.843567	1091.638050
559.590454	1027.401937
560.337280	966.201064
561.084045	934.345129
561.830811	895.058877
562.577515	856.533946
563.324158	815.074832
564.070801	776.660070
564.817383	741.246856
565.563904	704.343230
566.310364	677.455440
567.056824	649.356330
567.803223	623.100544
568.549561	599.093864
569.295837	576.230422
570.042114	531.850704
570.788330	504.915218
571.534485	472.064116
572.280640	452.746030
573.026733	443.472703
573.772766	450.237177
574.518738	502.246942
575.264709	814.420748
576.010620	2051.119898
576.756470	4542.293214
577.502319	4246.237778
578.248047	3922.070985
578.993835	5382.597535
579.739502	3927.604766
580.485107	2276.679933
581.230713	1298.771882
581.976318	915.855713
582.721802	763.786060
583.467285	641.967809
584.212708	577.540680
584.958069	589.463057
585.703430	771.743938
586.448669	1325.478549
587.193909	2092.180551
587.939148	1890.970312
588.684265	1262.689765
589.429382	927.768778
590.174500	891.510168
590.919495	1078.275299
591.664490	1502.470942
592.409424	2217.948592
593.154297	2736.637271
593.899170	2415.507753
594.643982	1803.430009
595.388733	1440.301922
596.133423	1348.307951
596.878113	1414.108480
597.622742	1671.386992
598.367310	2115.717935
599.111816	2576.230403
599.856323	2679.546234
600.600769	2364.671449
601.345215	1979.278323
602.089539	1709.875801
602.833862	1590.153155
603.578125	1634.068225
604.322388	1766.724367
605.066528	1941.913795
605.810669	2188.756596
606.554810	2583.011586
607.298828	3206.320752
608.042847	4274.500595
608.786804	6421.030122
609.530701	11285.077213
610.274597	22296.731795
611.018433	38061.440726
611.762207	40275.338760
612.505981	30210.296889
613.249634	22210.882033
613.993286	17551.344611
614.736938	14595.647912
615.480469	11631.903109
616.223999	8917.957246
616.967468	7013.105986
617.710938	5857.862833
618.454285	5324.786962
619.197632	5174.947153
619.940979	5281.850876
620.684204	5615.762216
621.427429	6234.915469
622.170593	7109.839534
622.913696	8101.083546
623.656799	8962.844730
624.399841	9531.249838
625.142822	9808.763195
625.885742	9930.864106
626.628662	9981.901701
627.371521	10053.612159
628.114319	10400.049079
628.857117	11071.932752
629.599854	12444.537422
630.342529	14648.850502
631.085144	16097.494227
631.827759	15216.918584
632.570313	13535.201445
633.312805	12062.684119
634.055237	10789.075292
634.797668	9661.731274
635.540039	8709.046164
636.282349	7907.965065
637.024658	7319.456266
637.766907	6959.794098
638.509094	6859.219081
639.251221	7093.028205
639.993347	7394.459150
640.735413	7679.622758
641.477417	7753.964643
642.219421	7607.831391
642.961304	7387.755358
643.703186	7284.572217
644.445068	7382.180419
645.186829	7650.067104
645.928589	8094.670978
646.670288	8678.477322
647.411987	9579.610152
648.153625	10799.284649
648.895203	12528.545489
649.636719	14752.658809
650.378174	17044.440899
651.119629	18218.362066
651.861023	18593.797349
652.602417	18576.622259
653.343689	18351.098035
654.084961	18195.339250
654.826172	18511.717850
655.567383	19495.086525
656.308472	21157.956538
657.049561	23376.524268
657.790649	25807.180272
658.531616	27769.523821
659.272583	28811.683652
660.013489	28687.375510
660.754395	27588.204174
661.495178	26051.328255
662.235962	24198.519660
662.976746	21880.062570
663.717407	19508.649928
664.458069	17505.901786
665.198669	16019.117938
665.939209	14934.971495
666.679749	14114.525992
667.420227	13128.349555
668.160645	11922.115872
668.901001	10495.031468
669.641357	9013.530132
670.381653	7702.008013
671.121887	6652.707216
671.862122	5833.572041
672.602234	5188.415734
673.342407	4676.463960
674.082458	4314.127673
674.822510	3994.362767
675.562439	3729.543733
676.302429	3499.152566
677.042297	3316.802418
677.782166	3172.325856
678.521973	3035.521357
679.261719	2933.457083
680.001465	2831.580584
680.741150	2743.487138
681.480774	2649.096141
682.220337	2550.308566
682.959900	2484.951837
683.699402	2424.796785
684.438843	2381.852351
685.178223	2313.548137
685.917603	2373.441634
686.656921	2614.238791
687.396179	2895.393614
688.135437	2854.883065
688.874634	2512.075855
689.613770	2207.074203
690.352905	2136.150650
691.091919	1968.071946
691.830933	1763.045906
692.569885	1791.963296
693.308838	2078.643609
694.047729	2015.021776
694.786560	1648.818171
695.525330	1373.321830
696.264099	1219.519651
697.002808	1116.731182
697.741455	1046.709304
698.480042	1001.078281
699.218628	982.160529
699.957153	961.609320
700.695618	926.795636
701.434082	932.592720
702.172485	941.789335
702.910828	1016.385047
703.649109	1132.481332
704.387390	1299.084946
705.125610	1650.963142
705.863770	2415.110148
706.601929	3271.950339
707.339966	3509.059418
708.078003	3564.280404
708.816040	4123.589729
709.553955	3380.978790
710.291870	2294.815064
711.029724	2224.148696
711.767578	3012.186684
712.505310	3131.310154
713.243042	2174.647442
713.980774	1332.912523
714.718384	853.373264
715.455994	607.506026
716.193542	507.642685
716.931030	464.933683
717.668518	428.644742
718.405945	410.795923
719.143311	402.811651
719.880676	381.242632
720.617920	360.392061
721.355164	342.525215
722.092407	345.017988
722.829529	326.615040
723.566650	311.183505
724.303711	304.684300
725.040710	296.454330
725.777710	282.331864
726.514648	275.742844
727.251526	277.580519
727.988403	264.710864
728.725159	256.971640
729.461975	241.550592
730.198669	245.760012
730.935303	236.621012
731.671936	227.905267
732.408508	214.070102
733.145081	203.617232
733.881592	196.280932
734.617981	181.702915
735.354431	182.542628
736.090759	185.510251
736.827087	171.548044
737.563354	173.277027
738.299561	162.156034
739.035767	163.146131
739.771912	172.072908
740.507996	177.690760
741.244080	204.201092
741.980042	241.715057
742.716003	257.596898
743.451965	237.536124
744.187805	185.775475
744.923645	169.694619
745.659424	161.524822
746.395142	187.473363
747.130859	175.973074
747.866516	153.940007
748.602112	140.101059
749.337708	142.700652
750.073242	134.200516
750.808716	144.786707
751.544128	129.788970
752.279480	131.845308
753.014832	125.999743
753.750122	123.984252
754.485413	109.512346
755.220642	105.154086
755.955750	106.426173
756.690918	116.995406
757.425964	107.892193
758.161011	101.453277
758.895996	93.174558
759.630920	105.288820
760.365845	96.032445
761.100708	104.916531
761.835510	99.434496
762.570313	110.831955
763.304993	112.175232
764.039673	121.484064
764.774353	105.329295
765.508911	102.893160
766.243469	91.960647
766.977966	108.173517
767.712402	96.351841
768.446838	102.135318
769.181213	97.799620
769.915527	107.782326
770.649841	99.835626
771.384033	113.847316
772.118225	151.254622
772.852417	212.816593
773.586487	162.755007
774.320557	139.097012
775.054565	113.869474
775.788574	99.258823
776.522461	92.442154
777.256348	92.882366
777.990234	86.426468
778.723999	98.751218
779.457764	87.510624
780.191467	91.176289
780.925110	82.908504
781.658752	92.440036
782.392334	86.596177
783.125854	89.519605
783.859314	94.013040
784.592773	87.589427
785.326172	85.907968
786.059509	87.567514
786.792847	82.013699
787.526123	95.535080
788.259338	82.439527
788.992493	89.120300
789.725647	81.463845
790.458740	92.356321
791.191772	85.892355
791.924744	89.734342
792.657715	96.877639
793.390625	97.420432
794.123535	107.551720
794.856323	123.198601
795.589111	110.187086
796.321838	108.108603
797.054565	109.135112
797.787170	115.826822
798.519775	105.904224
799.252319	112.244351
799.984863	118.128322
800.717346	137.963495
801.449768	144.787947
802.182129	143.468134
802.914490	145.905558
803.646790	190.119284
804.379028	214.845691
805.111206	224.888192
805.843384	192.079261
806.575500	175.776200
807.307556	147.417754
808.039612	127.996665
808.771606	125.777309
809.503540	135.580217
810.235413	154.196194
810.967285	211.528498
811.699097	214.125042
812.430847	174.848568
813.162537	148.316709
813.894226	148.282404
814.625854	133.344994
815.357422	134.673072
816.088989	141.713495
816.820496	156.416704
817.551941	141.786554
818.283325	154.895840
819.014709	177.202638
819.746033	191.697122
820.477295	208.938897
821.208557	214.635944
821.939697	197.693253
822.670837	193.429842
823.401978	175.037274
824.132996	167.482495
824.864014	147.264932
825.594971	177.863357
826.325928	190.394040
827.056824	186.430411
827.787659	170.143728
828.518433	154.523906
829.249146	149.612026
829.979858	160.817987
830.710510	154.967044
831.441162	153.624454
832.171692	149.530512
832.902222	153.817758
833.632690	144.467631
834.363159	146.596385
835.093567	154.888177
835.823914	151.900983
836.554199	157.822160
837.284424	168.374042
838.014648	162.112647
838.744812	174.105468
839.474976	191.086392
840.205017	226.222549
840.935059	229.070812
841.665100	233.459371
842.395020	250.845567
843.124939	214.294334
843.854797	202.610785
844.584595	193.169530
845.314392	195.842581
846.044128	194.988177
846.773804	193.341799
847.503418	199.593247
848.233032	219.158662
848.962585	222.406734
849.692078	238.825750
850.421570	237.946452
851.151001	237.416722
851.880371	242.564348
852.609680	217.298160
853.338989	185.533522
854.068237	168.939662
854.797424	153.543811
855.526550	154.673353
856.255676	149.927600
856.984741	147.100858
857.713745	154.817704
858.442749	147.816000
859.171692	148.529831
859.900574	163.695725
860.629395	167.039228
861.358215	188.042324
862.086975	227.760876
862.815674	240.594765
863.544373	223.915082
864.272949	201.459901
865.001526	182.988651
865.730103	159.152273
866.458557	145.995375
867.187012	143.251237
867.915405	132.327778
868.643799	125.792486
869.372131	115.050520
870.100403	123.941007
870.828613	111.114006
871.556763	113.444845
872.284912	108.904042
873.013000	108.322095
873.741089	100.534292
874.469055	111.498863
875.197021	118.641771
875.924927	126.135007
876.652832	117.109301
877.380615	124.462393
878.108459	123.422688
878.836182	125.352427
879.563843	109.303865
880.291504	114.766425
881.019104	102.860621
881.746704	110.198548
882.474182	110.218656
883.201660	109.585993
883.929138	100.824904
884.656494	119.070851
885.383850	109.516357
886.111145	114.644050
886.838379	111.382000
887.565613	113.032570
888.292786	123.179554
889.019897	126.448245
889.746948	119.109407
890.473999	126.088817
891.200989	116.713605
891.927917	116.207802
892.654846	107.858489
893.381653	123.126428
894.108521	110.817387
894.835266	114.592276
895.562012	109.580805
896.288635	125.043932
897.015320	122.381211
897.741882	130.412246
898.468445	125.923095
899.194946	133.769030
899.921387	122.503600
900.647827	128.562898
901.374146	115.272649
902.100525	114.964647
902.826782	118.531728
903.553040	125.101377
904.279236	134.714070
905.005371	124.468353
905.731445	123.306156
906.457520	136.414728
907.183533	125.462584
907.909485	126.352562
908.635437	122.459751
909.361328	119.809162
910.087158	125.651567
910.812927	128.690240
911.538696	205.070449
912.264404	273.918323
912.990051	228.061872
913.715698	168.038142
914.441284	153.847728
915.166809	138.149106
915.892273	126.486600
916.617737	116.820293
917.343140	126.374263
918.068481	114.152790
918.793762	108.244855
919.519043	121.579499
920.244263	120.137069
920.969421	123.817607
921.694580	137.188129
922.419678	141.975617
923.144714	171.790445
923.869690	229.622512
924.594666	233.426482
925.319580	184.901517
926.044434	170.051020
926.769226	150.115222
927.494019	125.801807
928.218750	125.475315
928.943481	122.234266
929.668091	140.284587
930.392700	142.482499
931.117249	128.972610
931.841797	130.837398
932.566223	124.073473
933.290649	139.470912
934.015076	159.846938
934.739380	137.049744
935.463684	142.602283
936.187927	152.797810
936.912109	137.600650
937.636292	156.438737
938.360413	151.177818
939.084473	166.208763
939.808472	161.708814
940.532471	202.174922
941.256409	181.558234
941.980286	193.167342
942.704163	204.428704
943.427979	223.413518
944.151733	202.196619
944.875427	217.904300
945.599121	163.249268
946.322754	182.505402
947.046326	172.660297
947.769897	187.231948
948.493347	187.448735
949.216797	185.781015
949.940247	158.873219
950.663574	176.951785
951.386902	161.688154
952.110168	212.030342
952.833435	196.595188
953.556580	170.417873
954.279724	154.941289
955.002869	152.551852
955.725891	113.254140
956.448914	166.523930
