193.701462	1272.746677
194.469650	1001.647472
195.237793	910.769395
196.005890	780.611459
196.773941	689.357116
197.541962	821.347738
198.309921	427.748976
199.077850	580.126716
199.845718	586.463433
200.613556	371.614051
201.381348	474.011425
202.149094	440.706912
202.916794	282.969144
203.684448	356.939302
204.452057	293.093737
205.219635	200.778498
205.987152	273.821220
206.754639	262.151951
207.522064	213.585325
208.289459	284.964340
209.056808	186.388384
209.824112	201.677445
210.591370	249.062089
211.358582	146.461946
212.125763	230.968225
212.892883	181.051883
213.659973	143.144434
214.427002	152.181727
215.194000	152.805811
215.960953	151.304716
216.727859	122.350844
217.494720	116.034679
218.261536	132.527472
219.028305	123.381395
219.795044	125.411584
220.561722	102.750694
221.328369	121.835849
222.094955	78.169715
222.861511	109.278920
223.628021	77.335035
224.394485	89.294209
225.160904	95.849040
225.927277	89.318407
226.693604	90.316403
227.459900	63.070645
228.226135	67.886862
228.992340	47.866299
229.758484	72.758902
230.524597	59.536686
231.290665	69.211212
232.056686	55.156756
232.822662	61.259908
233.588593	55.048833
234.354492	58.459037
235.120331	56.190091
235.886124	49.954480
236.651886	51.899378
237.417603	48.115240
238.183273	63.045780
238.948883	40.205794
239.714462	55.371123
240.480011	52.515326
241.245499	52.099769
242.010941	55.841754
242.776352	59.573299
243.541702	46.145268
244.307022	51.554069
245.072281	43.083701
245.837509	50.921404
246.602692	39.348079
247.367828	56.029237
248.132919	41.989136
248.897980	54.885069
249.662979	56.804007
250.427933	58.304405
251.192856	43.907246
251.957733	58.594724
252.722549	54.229364
253.487335	56.629772
254.252075	41.187695
255.016769	54.777505
255.781433	49.705489
256.546021	47.806926
257.310608	42.581077
258.075104	47.439976
258.839600	48.762154
259.604004	49.902033
260.368408	38.418744
261.132751	47.225557
261.897034	48.053951
262.661285	46.128787
263.425507	46.779922
264.189667	40.115085
264.953796	61.563702
265.717865	44.652793
266.481903	50.552202
267.245880	50.998031
268.009827	55.630789
268.773743	57.626842
269.537598	66.065393
270.301392	47.751575
271.065155	62.401754
271.828888	37.173642
272.592560	68.066634
273.356201	53.671224
274.119781	59.564176
274.883331	48.017362
275.646851	58.650145
276.410309	48.006238
277.173706	49.917590
277.937073	40.670144
278.700409	59.384903
279.463684	42.862220
280.226929	67.395309
280.990112	43.439055
281.753265	59.007090
282.516357	37.787058
283.279419	48.214507
284.042450	45.607848
284.805420	46.083452
285.568329	39.476321
286.331238	49.946875
287.094055	44.764814
287.856842	54.383798
288.619598	41.239364
289.382324	36.031272
290.144989	45.598762
290.907593	44.781506
291.670166	50.682312
292.432709	29.813610
293.195190	36.312903
293.957611	41.613651
294.720032	43.596494
295.482361	44.884297
296.244690	45.638471
297.006958	38.659698
297.769165	50.399525
298.531342	34.959360
299.293457	46.122428
300.055573	36.928193
300.817596	48.359276
301.579590	44.919901
302.341553	48.697224
303.103455	42.530246
303.865326	40.492106
304.627167	31.689226
305.388916	39.828139
306.150665	34.963178
306.912354	44.538402
307.674011	46.369733
308.435608	39.216993
309.197144	38.738092
309.958679	39.084926
310.720123	36.643695
311.481567	46.664532
312.242950	35.409561
313.004272	46.849162
313.765564	34.400880
314.526825	40.155862
315.288025	32.492293
316.049164	40.516646
316.810303	37.886864
317.571350	41.525281
318.332397	37.748308
319.093384	36.211121
319.854309	38.661702
320.615204	41.078863
321.376068	37.132407
322.136871	37.638486
322.897614	37.204786
323.658325	38.670339
324.419006	42.804271
325.179626	43.641654
325.940216	39.799355
326.700775	38.467558
327.461243	32.011906
328.221710	38.918629
328.982117	43.629207
329.742493	41.993917
330.502808	45.759473
331.263062	31.684984
332.023315	36.708584
332.783478	36.811104
333.543640	36.616306
334.303741	37.797027
335.063782	45.996743
335.823792	41.658790
336.583771	46.640765
337.343689	39.727332
338.103546	45.459840
338.863403	34.931917
339.623169	44.604386
340.382935	36.818145
341.142609	41.462036
341.902283	33.847744
342.661896	39.522569
343.421448	41.403093
344.180969	48.220331
344.940460	34.757358
345.699890	47.192704
346.459290	34.975309
347.218628	44.622347
347.977936	34.550006
348.737183	40.880373
349.496399	38.818366
350.255585	44.665106
351.014709	35.369015
351.773773	40.953394
352.532806	31.902530
353.291809	47.962992
354.050751	32.751468
354.809662	40.747051
355.568542	32.516826
356.327332	39.542789
357.086121	37.283635
357.844849	37.057990
358.603516	32.013639
359.362152	39.837773
360.120758	34.183919
360.879303	45.243568
361.637817	36.752475
362.396271	48.216361
363.154694	39.070559
363.913086	45.896505
364.671417	42.716417
365.429688	43.469767
366.187927	34.029895
366.946136	48.986374
367.704285	38.548472
368.462402	50.165330
369.220459	35.737825
369.978485	44.575660
370.736450	38.432776
371.494385	40.997095
372.252258	40.014519
373.010101	39.300106
373.767914	38.459553
374.525665	46.052739
375.283386	36.991220
376.041046	48.418570
376.798676	41.780112
377.556244	39.021461
378.313782	46.453291
379.071259	46.584553
379.828705	39.521227
380.586121	45.536107
381.343475	42.477609
382.100800	39.448930
382.858063	43.575407
383.615295	45.982714
384.372467	46.320808
385.129608	55.332079
385.886688	49.481546
386.643738	59.470457
387.400726	60.285695
388.157715	63.984409
388.914612	66.831614
389.671478	68.382867
390.428314	73.068768
391.185089	76.470064
391.941833	71.713068
392.698517	75.496746
393.455170	74.170379
394.211792	74.567813
394.968353	86.408070
395.724854	85.866977
396.481323	85.391226
397.237762	84.756362
397.994141	90.143766
398.750488	102.334680
399.506775	95.081220
400.263031	105.819182
401.019257	107.293202
401.775421	111.980035
402.531525	135.196386
403.287598	168.921183
404.043640	257.509786
404.799622	303.355150
405.555573	213.582277
406.311462	153.949286
407.067322	151.604591
407.823120	160.326778
408.578888	159.457897
409.334625	160.451166
410.090302	174.842124
410.845917	181.128255
411.601532	198.130906
412.357056	216.851811
413.112549	231.406025
413.868011	256.196173
414.623444	284.161051
415.378784	315.852778
416.134125	350.118731
416.889404	390.202905
417.644623	448.163375
418.399841	495.391402
419.154968	559.175035
419.910065	633.022135
420.665131	717.021290
421.420166	812.512368
422.175110	911.818188
422.930054	1035.847408
423.684937	1165.442326
424.439758	1304.631043
425.194550	1451.827116
425.949310	1609.195078
426.704010	1794.203741
427.458679	1950.717782
428.213287	2149.129268
428.967865	2355.993025
429.722382	2569.469818
430.476868	2802.477608
431.231323	3063.155413
431.985718	3358.959618
432.740051	3855.377193
433.494385	4917.149976
434.248627	7018.628001
435.002838	12110.608566
435.757019	18622.507394
436.511169	13898.574694
437.265228	8171.733169
438.019287	6079.111791
438.773285	5762.581971
439.527222	5935.595609
440.281158	6143.162680
441.035004	6357.386258
441.788818	6577.708452
442.542603	6801.002179
443.296326	6964.485037
444.050018	7174.926282
444.803680	7316.774005
445.557281	7480.039093
446.310822	7621.466120
447.064331	7687.961223
447.817810	7772.206313
448.571228	7792.898839
449.324615	7829.936650
450.077942	7820.242932
450.831238	7830.613418
451.584473	7786.702837
452.337677	7740.350747
453.090851	7674.174833
453.843964	7587.587223
454.597015	7491.347259
455.350037	7398.392812
456.103027	7284.800908
456.855957	7174.002598
457.608856	6987.243544
458.361694	6856.432059
459.114502	6707.882114
459.867279	6564.324181
460.619995	6397.307826
461.372650	6204.196767
462.125275	6058.386920
462.877869	5902.460010
463.630402	5692.219413
464.382904	5509.187936
465.135345	5336.343603
465.887756	5136.911739
466.640106	4936.216972
467.392426	4759.151278
468.144714	4570.545299
468.896942	4416.858552
469.649139	4250.069284
470.401276	4089.796456
471.153351	3937.363289
471.905426	3804.843931
472.657440	3688.568671
473.409393	3565.975312
474.161316	3482.565829
474.913177	3401.396720
475.665009	3321.725963
476.416809	3250.166602
477.168549	3199.193088
477.920258	3163.076568
478.671906	3112.411154
479.423523	3067.519354
480.175079	3031.406865
480.926605	3005.949274
481.678070	2983.012472
482.429504	2956.490185
483.180908	2945.934494
483.932251	2919.609178
484.683563	2925.677574
485.434814	2900.627884
486.186005	2899.081256
486.937195	2903.125237
487.688324	2926.094515
488.439392	2952.837056
489.190430	2979.196080
489.941406	3073.667366
490.692352	3205.921064
491.443268	3428.960839
492.194122	3483.397469
492.944946	3497.977705
493.695709	3580.273104
494.446442	3723.048414
495.197113	3928.211083
495.947754	4178.044847
496.698364	4451.465909
497.448914	4740.557999
498.199402	5120.010438
498.949860	5524.464219
499.700287	5965.083066
500.450653	6466.278481
501.200989	7006.608916
501.951263	7617.828335
502.701508	8266.953332
503.451721	8976.422658
504.201874	9721.280464
504.951965	10509.527700
505.702026	11372.457044
506.452057	12226.923763
507.202026	13095.749607
507.951965	13994.757628
508.701843	14834.065029
509.451691	15645.192842
510.201477	16420.353467
510.951233	17120.219602
511.700958	17726.135460
512.450623	18248.786714
513.200256	18684.307368
513.949829	18950.511326
514.699341	19148.764148
515.448853	19131.918910
516.198303	19044.538933
516.947693	18855.297986
517.697021	18604.921720
518.446350	18267.202557
519.195618	17848.126454
519.944824	17418.266866
520.694031	16976.910328
521.443176	16511.687332
522.192261	16027.891305
522.941284	15516.375986
523.690308	15030.162250
524.439270	14535.932958
525.188171	14065.172753
525.937012	13604.732841
526.685852	13145.832965
527.434631	12712.963308
528.183411	12303.152171
528.932068	11880.881820
529.680725	11447.960105
530.429321	11035.445032
531.177917	10655.343968
531.926392	10278.230119
532.674866	9949.340400
533.423279	9615.032232
534.171692	9139.946691
534.920044	8685.468427
535.668335	8251.986296
536.416565	7883.704085
537.164795	7548.486013
537.912964	7243.261833
538.661072	6885.722904
539.409119	6535.611533
540.157166	6176.527157
540.905151	5866.184409
541.653076	5583.852286
542.401001	5383.321614
543.148865	5467.692075
543.896667	7006.457245
544.644409	13913.577600
545.392151	36190.658030
546.139832	57624.603452
546.887451	36484.108945
547.635010	16410.459965
548.382568	7182.033971
549.130066	4072.726680
549.877502	3282.117027
550.624939	3001.906873
551.372314	2808.361362
552.119629	2638.644800
552.866882	2490.341222
553.614136	2363.969309
554.361328	2215.524251
555.108459	2086.431704
555.855591	1917.112205
556.602661	1818.901235
557.349670	1697.127332
558.096619	1616.222038
558.843567	1505.828976
559.590454	1429.997992
560.337280	1355.595806
561.084045	1296.029944
561.830811	1237.895888
562.577515	1181.087546
563.324158	1124.092982
564.070801	1068.807118
564.817383	1011.701789
565.563904	980.870336
566.310364	922.848969
567.056824	893.637997
567.803223	853.488430
568.549561	832.631416
569.295837	784.501128
570.042114	735.943296
570.788330	699.037963
571.534485	669.605891
572.280640	636.081330
573.026733	622.529515
573.772766	622.064219
574.518738	703.361972
575.264709	1096.286962
576.010620	2716.507292
576.756470	6066.403020
577.502319	5821.344504
578.248047	5260.295028
578.993835	7186.854090
579.739502	5362.240500
580.485107	3138.471418
581.230713	1811.047203
581.976318	1267.900535
582.721802	1048.668195
583.467285	881.397886
584.212708	790.560305
584.958069	804.470199
585.703430	1039.493754
586.448669	1773.617880
587.193909	2799.706303
587.939148	2586.573533
588.684265	1746.438308
589.429382	1272.363192
590.174500	1209.628641
590.919495	1449.196682
591.664490	2015.113343
592.409424	2979.040148
593.154297	3694.060835
593.899170	3298.708095
594.643982	2476.066316
595.388733	1980.320036
596.133423	1812.674415
596.878113	1907.092576
597.622742	2221.544350
598.367310	2835.662938
599.111816	3486.780657
599.856323	3650.171478
600.600769	3230.771194
601.345215	2707.758068
602.089539	2320.184043
602.833862	2166.868347
603.578125	2228.118014
604.322388	2402.852632
605.066528	2648.003107
605.810669	3001.385166
606.554810	3510.614561
607.298828	4329.130922
608.042847	5733.834196
608.786804	8532.020621
609.530701	14918.969232
610.274597	29389.592061
611.018433	50326.931491
611.762207	54089.712004
612.505981	41012.326232
613.249634	30158.084879
613.993286	23714.927636
614.736938	19756.415750
615.480469	15760.272964
616.223999	12134.932365
616.967468	9577.745377
617.710938	8034.706793
618.454285	7284.067614
619.197632	7119.013611
619.940979	7265.068597
620.684204	7750.347047
621.427429	8591.766433
622.170593	9777.201569
622.913696	11163.130495
623.656799	12326.245705
624.399841	13126.505063
625.142822	13535.428275
625.885742	13715.591773
626.628662	13798.390365
627.371521	13969.356197
628.114319	14384.029629
628.857117	15310.265436
629.599854	17228.643488
630.342529	20315.712110
631.085144	22419.423516
631.827759	21290.968068
632.570313	18884.810408
633.312805	16712.623771
634.055237	14871.308039
634.797668	13269.522830
635.540039	11935.121854
636.282349	10807.025515
637.024658	9996.423797
637.766907	9505.046254
638.509094	9407.647785
639.251221	9712.990050
639.993347	10230.684529
640.735413	10677.780352
641.477417	10773.203020
642.219421	10586.496497
642.961304	10313.930005
643.703186	10228.591971
644.445068	10341.411214
645.186829	10766.099512
645.928589	11414.075887
646.670288	12343.555920
647.411987	13665.493233
648.153625	15511.978426
648.895203	17961.106857
649.636719	21225.316923
650.378174	24428.171421
651.119629	26252.608916
651.861023	26736.013843
652.602417	26673.779313
653.343689	26314.186752
654.084961	26102.149682
654.826172	26606.532578
655.567383	28100.157825
656.308472	30633.894691
657.049561	33912.589495
657.790649	37579.584576
658.531616	40526.999962
659.272583	41961.736212
660.013489	41719.823382
660.754395	40093.650870
661.495178	37750.947030
662.235962	35025.258135
662.976746	31647.359245
663.717407	28146.852560
664.458069	25269.898135
665.198669	23104.606146
665.939209	21608.470195
666.679749	20339.082624
667.420227	18962.985975
668.160645	17137.651882
668.901001	15064.312012
669.641357	12898.881512
670.381653	10956.632845
671.121887	9489.485931
671.862122	8332.579541
672.602234	7429.483614
673.342407	6750.440655
674.082458	6158.901668
674.822510	5701.175185
675.562439	5327.887914
676.302429	5012.278630
677.042297	4754.693682
677.782166	4547.599448
678.521973	4369.801830
679.261719	4221.733006
680.001465	4074.994982
680.741150	3942.826384
681.480774	3810.524715
682.220337	3711.326271
682.959900	3606.761827
683.699402	3482.485921
684.438843	3405.281957
685.178223	3343.002557
685.917603	3426.549280
686.656921	3761.147162
687.396179	4159.386680
688.135437	4103.957054
688.874634	3614.207498
689.613770	3155.892138
690.352905	3045.020507
691.091919	2807.868844
691.830933	2516.008783
692.569885	2568.919494
693.308838	2956.270807
694.047729	2895.155221
694.786560	2368.064475
695.525330	1985.429709
696.264099	1761.466062
697.002808	1597.304162
697.741455	1489.175737
698.480042	1435.986797
699.218628	1401.861208
699.957153	1372.370832
700.695618	1340.114766
701.434082	1328.317258
702.172485	1346.275051
702.910828	1436.446753
703.649109	1624.446867
704.387390	1825.527257
705.125610	2332.872714
705.863770	3376.183140
706.601929	4622.566261
707.339966	4970.898208
708.078003	5019.716089
708.816040	5864.424356
709.553955	4832.983360
710.291870	3312.422736
711.029724	3153.040736
711.767578	4224.765458
712.505310	4461.238704
713.243042	3135.163739
713.980774	1958.021245
714.718384	1242.207230
715.455994	884.532584
716.193542	735.974190
716.931030	653.530908
717.668518	612.989838
718.405945	584.012839
719.143311	557.134798
719.880676	538.144825
720.617920	512.208308
721.355164	499.847109
722.092407	485.867553
722.829529	470.402208
723.566650	449.330511
724.303711	426.454825
725.040710	421.882284
725.777710	410.593791
726.514648	394.346116
727.251526	385.898258
727.988403	370.909096
728.725159	364.327514
729.461975	344.226048
730.198669	337.128944
730.935303	330.396471
731.671936	312.605182
732.408508	304.847504
733.145081	291.148624
733.881592	272.634615
734.617981	265.720414
735.354431	257.652012
736.090759	254.252628
736.827087	241.923265
737.563354	241.181061
738.299561	237.747569
739.035767	237.711669
739.771912	235.985702
740.507996	248.083638
741.244080	284.477044
741.980042	343.279479
742.716003	350.867119
743.451965	331.474626
744.187805	267.466923
744.923645	231.767855
745.659424	236.513520
746.395142	255.632824
747.130859	246.278440
747.866516	217.112840
748.602112	194.935407
749.337708	186.630068
750.073242	184.138863
750.808716	191.969145
751.544128	176.920625
752.279480	168.829752
753.014832	176.342756
753.750122	166.407435
754.485413	154.714707
755.220642	151.587616
755.955750	149.455623
756.690918	149.909347
757.425964	146.981477
758.161011	139.805799
758.895996	137.225982
759.630920	131.755653
760.365845	122.554305
761.100708	134.620932
761.835510	132.189389
762.570313	149.286842
763.304993	163.296757
764.039673	158.279718
764.774353	139.948015
765.508911	140.443250
766.243469	131.583563
766.977966	132.475513
767.712402	132.465281
768.446838	127.151070
769.181213	129.410119
769.915527	134.056134
770.649841	126.628096
771.384033	146.952917
772.118225	196.165379
772.852417	245.650292
773.586487	202.082425
774.320557	167.583111
775.054565	145.558848
775.788574	121.569292
776.522461	116.961408
777.256348	120.487798
777.990234	105.547368
778.723999	111.938492
779.457764	107.539464
780.191467	108.300769
780.925110	111.316632
781.658752	105.734088
782.392334	110.693857
783.125854	106.518972
783.859314	111.092076
784.592773	108.152537
785.326172	105.418202
786.059509	103.748467
786.792847	96.823939
787.526123	104.277891
788.259338	107.633813
788.992493	105.730536
789.725647	100.867635
790.458740	101.075275
791.191772	100.992523
791.924744	102.834246
792.657715	108.150079
793.390625	114.910341
794.123535	128.569461
794.856323	132.599298
795.589111	129.798061
796.321838	113.605650
797.054565	123.276095
797.787170	122.187254
798.519775	124.791602
799.252319	130.725671
799.984863	140.362244
800.717346	149.403538
801.449768	154.223180
802.182129	154.451340
802.914490	170.597268
803.646790	194.629413
804.379028	234.392984
805.111206	238.517780
805.843384	209.429486
806.575500	189.662520
807.307556	156.985733
808.039612	142.533683
808.771606	141.920800
809.503540	137.896304
810.235413	191.131561
810.967285	238.217515
811.699097	262.575369
812.430847	197.955507
813.162537	170.645908
813.894226	158.289192
814.625854	147.631957
815.357422	142.195683
816.088989	159.749758
816.820496	163.601923
817.551941	157.355273
818.283325	164.356544
819.014709	185.932747
819.746033	206.270587
820.477295	229.104581
821.208557	237.672787
821.939697	223.159464
822.670837	197.222584
823.401978	179.783404
824.132996	169.758588
824.864014	170.758559
825.594971	180.738303
826.325928	213.762323
827.056824	196.616815
827.787659	192.829558
828.518433	172.827860
829.249146	168.094656
829.979858	168.021699
830.710510	169.391650
831.441162	160.244519
832.171692	172.669824
832.902222	167.286571
833.632690	158.226453
834.363159	161.334628
835.093567	172.578451
835.823914	170.348906
836.554199	170.842488
837.284424	177.049051
838.014648	181.416462
838.744812	194.530142
839.474976	205.526668
840.205017	243.852852
840.935059	255.182511
841.665100	263.111281
842.395020	280.041369
843.124939	233.272430
843.854797	226.797199
844.584595	205.142848
845.314392	222.502830
846.044128	206.799576
846.773804	217.434235
847.503418	220.136649
848.233032	230.006112
848.962585	228.423147
849.692078	252.685277
850.421570	255.594654
851.151001	258.389212
851.880371	265.076591
852.609680	230.175088
853.338989	202.619491
854.068237	205.270772
854.797424	169.878259
855.526550	173.776437
856.255676	166.495316
856.984741	166.863715
857.713745	166.270532
858.442749	163.213500
859.171692	164.326512
859.900574	181.632158
860.629395	181.339113
861.358215	216.652953
862.086975	238.160916
862.815674	260.332678
863.544373	248.493668
864.272949	230.508580
865.001526	205.048133
865.730103	180.288033
866.458557	164.615075
867.187012	159.755811
867.915405	149.615762
868.643799	152.320154
869.372131	135.695099
870.100403	137.544289
870.828613	145.101820
871.556763	132.315747
872.284912	123.614870
873.013000	121.586025
873.741089	124.778181
874.469055	132.768727
875.197021	142.955454
875.924927	169.084203
876.652832	145.761285
877.380615	161.618748
878.108459	158.981269
878.836182	141.882418
879.563843	127.252710
880.291504	129.198131
881.019104	120.080591
881.746704	131.133972
882.474182	128.818054
883.201660	141.223790
883.929138	122.773182
884.656494	135.068854
885.383850	119.804950
886.111145	126.108455
886.838379	139.457629
887.565613	131.909700
888.292786	128.924869
889.019897	147.139776
889.746948	130.167920
890.473999	148.027348
891.200989	138.988965
891.927917	151.000557
892.654846	136.279084
893.381653	143.569175
894.108521	138.756517
894.835266	147.265280
895.562012	130.874892
896.288635	141.395831
897.015320	135.925376
897.741882	153.992320
898.468445	150.334290
899.194946	147.097466
899.921387	140.634133
900.647827	141.147750
901.374146	145.946058
902.100525	148.341480
902.826782	123.470550
903.553040	153.589810
904.279236	149.570388
905.005371	148.698872
905.731445	140.190401
906.457520	145.594037
907.183533	140.986352
907.909485	135.541839
908.635437	137.799177
909.361328	145.113683
910.087158	140.079200
910.812927	157.347035
911.538696	245.077733
912.264404	352.482001
912.990051	267.128026
913.715698	208.388533
914.441284	170.013864
915.166809	153.589300
915.892273	150.254060
916.617737	144.531153
917.343140	134.763133
918.068481	138.184957
918.793762	120.088439
919.519043	145.056919
920.244263	132.827605
920.969421	143.323120
921.694580	152.995814
922.419678	152.809098
923.144714	183.262261
923.869690	259.598582
924.594666	259.527538
925.319580	222.722282
926.044434	185.427974
926.769226	167.029613
927.494019	153.757765
928.218750	148.963305
928.943481	143.561598
929.668091	162.193835
930.392700	137.865011
931.117249	151.129443
931.841797	130.502775
932.566223	154.151890
933.290649	151.955521
934.015076	192.040934
934.739380	169.273904
935.463684	164.510455
936.187927	166.763201
936.912109	176.422150
937.636292	179.117726
938.360413	216.754950
939.084473	196.233572
939.808472	207.990992
940.532471	220.450622
941.256409	239.139810
941.980286	231.557066
942.704163	252.341681
943.427979	259.342592
944.151733	252.258161
944.875427	225.595040
945.599121	218.298440
946.322754	197.505846
947.046326	220.726900
947.769897	206.774677
948.493347	210.650859
949.216797	212.910941
949.940247	212.592941
950.663574	189.872075
951.386902	226.251132
952.110168	222.153807
952.833435	256.620049
953.556580	188.468364
954.279724	207.809769
955.002869	180.802195
955.725891	190.957654
956.448914	192.064410
