193.701462	1442.446234
194.469650	981.910576
195.237793	749.532708
196.005890	749.542346
196.773941	776.838983
197.541962	540.278170
198.309921	748.560708
199.077850	477.901744
199.845718	457.955509
200.613556	485.461131
201.381348	541.444012
202.149094	389.291106
202.916794	318.766446
203.684448	410.876797
204.452057	226.481524
205.219635	319.860918
205.987152	277.714413
206.754639	237.765723
207.522064	306.598289
208.289459	237.289697
209.056808	236.569872
209.824112	199.738239
210.591370	170.023936
211.358582	209.231352
212.125763	140.733327
212.892883	166.882605
213.659973	170.124537
214.427002	108.599166
215.194000	167.131356
215.960953	119.348117
216.727859	134.835624
217.494720	107.062925
218.261536	109.005280
219.028305	126.686254
219.795044	93.132653
220.561722	132.762035
221.328369	94.435016
222.094955	111.603750
222.861511	86.606945
223.628021	93.501115
224.394485	75.394639
225.160904	87.726240
225.927277	80.308217
226.693604	71.043865
227.459900	67.445487
228.226135	42.912939
228.992340	69.592846
229.758484	41.951078
230.524597	82.337970
231.290665	54.511485
232.056686	68.204591
232.822662	52.344146
233.588593	58.960933
234.354492	59.818550
235.120331	58.575520
235.886124	49.436817
236.651886	61.013416
237.417603	53.323591
238.183273	51.605040
238.948883	54.565006
239.714462	39.113219
240.480011	58.789281
241.245499	39.476477
242.010941	56.749750
242.776352	52.154737
243.541702	55.285152
244.307022	41.818537
245.072281	43.743145
245.837509	33.656207
246.602692	50.000321
247.367828	36.992276
248.132919	53.401567
248.897980	37.519090
249.662979	57.444654
250.427933	55.963717
251.192856	54.300749
251.957733	49.710326
252.722549	51.275236
253.487335	43.156518
254.252075	51.694760
255.016769	40.296096
255.781433	52.851406
256.546021	34.806797
257.310608	50.132401
258.075104	40.512900
258.839600	47.080701
259.604004	42.111420
260.368408	43.484952
261.132751	49.555069
261.897034	49.542347
262.661285	37.799978
263.425507	46.136162
264.189667	39.899413
264.953796	47.473418
265.717865	55.761536
266.481903	44.643503
267.245880	54.954775
268.009827	39.294764
268.773743	54.080575
269.537598	53.608618
270.301392	56.230826
271.065155	55.020901
271.828888	55.760462
272.592560	51.273879
273.356201	64.852729
274.119781	44.394273
274.883331	62.244728
275.646851	44.485581
276.410309	54.172177
277.173706	38.532877
277.937073	42.410043
278.700409	44.268746
279.463684	54.220708
280.226929	45.922356
280.990112	55.880338
281.753265	38.919570
282.516357	53.151027
283.279419	42.033160
284.042450	51.947953
284.805420	48.925603
285.568329	41.087599
286.331238	49.147725
287.094055	46.745558
287.856842	40.640600
288.619598	52.132780
289.382324	36.031272
290.144989	49.605348
290.907593	42.136185
291.670166	43.575567
292.432709	40.739094
293.195190	34.295520
293.957611	46.338345
294.720032	34.769104
295.482361	43.990187
296.244690	31.431943
297.006958	41.660679
297.769165	41.619120
298.531342	39.504077
299.293457	36.027708
300.055573	48.370732
300.817596	28.670142
301.579590	46.813077
302.341553	38.066140
303.103455	46.458742
303.865326	33.686710
304.627167	34.400603
305.388916	42.697115
306.150665	43.703972
306.912354	37.338585
307.674011	57.711970
308.435608	35.893519
309.197144	46.187725
309.958679	35.126959
310.720123	43.709519
311.481567	42.407417
312.242950	40.468070
313.004272	41.643699
313.765564	40.242538
314.526825	39.346268
315.288025	35.563704
316.049164	33.414126
316.810303	43.045927
317.571350	46.192851
318.332397	34.053793
319.093384	44.062205
319.854309	34.028688
320.615204	42.671067
321.376068	42.686399
322.136871	37.796631
322.897614	35.470665
323.658325	44.486610
324.419006	35.748622
325.179626	43.641654
325.940216	30.434801
326.700775	47.967643
327.461243	22.998845
328.221710	47.756724
328.982117	36.667099
329.742493	47.088767
330.502808	31.122605
331.263062	33.376900
332.023315	34.097513
332.783478	50.922027
333.543640	36.156687
334.303741	45.448247
335.063782	33.924508
335.823792	42.421771
336.583771	34.751942
337.343689	40.488392
338.103546	37.553781
338.863403	42.070178
339.623169	33.377432
340.382935	49.545405
341.142609	27.994440
341.902283	35.358804
342.661896	32.432643
343.421448	45.167010
344.180969	42.962663
344.940460	40.899823
345.699890	41.069600
346.459290	43.607512
347.218628	37.358244
347.977936	42.080136
348.737183	28.822133
349.496399	40.283210
350.255585	33.571812
351.014709	37.552287
351.773773	38.920246
352.532806	35.817841
353.291809	39.993311
354.050751	38.693106
354.809662	37.846905
355.568542	39.339552
356.327332	39.106655
357.086121	44.856874
357.844849	36.036707
358.603516	31.867458
359.362152	37.933762
360.120758	37.264873
360.879303	39.661569
361.637817	34.988356
362.396271	39.984299
363.154694	46.267767
363.913086	39.444600
364.671417	43.008995
365.429688	42.302793
366.187927	35.629590
366.946136	42.609449
367.704285	37.970967
368.462402	47.290526
369.220459	37.167338
369.978485	45.427424
370.736450	37.447320
371.494385	43.925459
372.252258	40.566443
373.010101	42.848032
373.767914	40.348794
374.525665	46.987142
375.283386	35.009548
376.041046	42.268103
376.798676	37.238795
377.556244	38.763894
378.313782	38.775061
379.071259	44.802630
379.828705	37.114486
380.586121	47.680466
381.343475	37.073653
382.100800	47.463951
382.858063	42.326828
383.615295	49.347302
384.372467	43.207850
385.129608	52.341156
385.886688	52.980242
386.643738	59.972318
387.400726	50.069918
388.157715	60.310057
388.914612	54.507153
389.671478	66.984704
390.428314	66.725993
391.185089	75.332493
391.941833	68.316133
392.698517	70.363468
393.455170	74.669004
394.211792	75.560396
394.968353	79.989185
395.724854	87.218246
396.481323	77.439321
397.237762	90.122232
397.994141	83.322076
398.750488	98.923524
399.506775	91.668048
400.263031	101.186545
401.019257	99.255346
401.775421	110.036780
402.531525	130.963941
403.287598	166.516611
404.043640	240.900106
404.799622	281.152640
405.555573	207.803408
406.311462	149.032274
407.067322	148.584116
407.823120	156.873940
408.578888	155.815747
409.334625	151.680885
410.090302	161.179111
410.845917	177.286140
411.601532	182.271743
412.357056	202.639080
413.112549	221.465720
413.868011	243.880070
414.623444	272.554027
415.378784	297.291708
416.134125	333.972226
416.889404	370.036044
417.644623	427.227875
418.399841	484.090859
419.154968	526.240788
419.910065	602.103832
420.665131	682.463641
421.420166	775.883120
422.175110	875.067346
422.930054	975.545300
423.684937	1109.813093
424.439758	1231.531401
425.194550	1364.745071
425.949310	1523.766733
426.704010	1684.793914
427.458679	1855.967796
428.213287	2034.706232
428.967865	2228.474187
429.722382	2440.434884
430.476868	2666.676005
431.231323	2893.927762
431.985718	3181.443458
432.740051	3644.352488
433.494385	4705.324548
434.248627	6682.050230
435.002838	11629.855843
435.757019	17579.178059
436.511169	12879.103266
437.265228	7613.973314
438.019287	5730.728018
438.773285	5459.333086
439.527222	5608.945537
440.281158	5838.041215
441.035004	6076.166477
441.788818	6275.445125
442.542603	6479.372180
443.296326	6662.866401
444.050018	6843.320387
444.803680	6990.084200
445.557281	7126.852294
446.310822	7240.869858
447.064331	7376.477230
447.817810	7416.672528
448.571228	7452.564645
449.324615	7524.168088
450.077942	7505.956880
450.831238	7483.499914
451.584473	7470.208435
452.337677	7418.502145
453.090851	7363.825283
453.843964	7300.274643
454.597015	7218.264312
455.350037	7130.743914
456.103027	7019.143390
456.855957	6906.529425
457.608856	6766.473868
458.361694	6661.820228
459.114502	6502.424844
459.867279	6356.515381
460.619995	6203.365694
461.372650	6036.062608
462.125275	5866.474307
462.877869	5709.347419
463.630402	5517.693600
464.382904	5366.498225
465.135345	5178.731245
465.887756	5024.342050
466.640106	4813.121353
467.392426	4630.443865
468.144714	4459.688258
468.896942	4296.636582
469.649139	4147.459780
470.401276	4001.884774
471.153351	3841.539501
471.905426	3744.234839
472.657440	3601.082061
473.409393	3514.213763
474.161316	3398.310204
474.913177	3303.563784
475.665009	3230.015010
476.416809	3191.184778
477.168549	3132.245688
477.920258	3081.320516
478.671906	3049.003425
479.423523	3016.551176
480.175079	2990.970333
480.926605	2961.284483
481.678070	2921.502485
482.429504	2911.666638
483.180908	2883.085051
483.932251	2864.835435
484.683563	2846.905233
485.434814	2855.050142
486.186005	2860.689891
486.937195	2848.889466
487.688324	2882.497157
488.439392	2892.122688
489.190430	2947.571686
489.941406	3042.461716
490.692352	3170.934398
491.443268	3395.722007
492.194122	3445.823261
492.944946	3448.622100
493.695709	3555.430027
494.446442	3696.021654
495.197113	3893.425084
495.947754	4142.954129
496.698364	4434.174466
497.448914	4703.780838
498.199402	5088.436062
498.949860	5468.037782
499.700287	5944.658723
500.450653	6425.389884
501.200989	6977.817609
501.951263	7530.848207
502.701508	8179.567310
503.451721	8873.798708
504.201874	9636.166687
504.951965	10403.236305
505.702026	11235.060837
506.452057	12090.587239
507.202026	12970.272572
507.951965	13841.719062
508.701843	14696.904038
509.451691	15484.764934
510.201477	16215.644803
510.951233	16896.193886
511.700958	17445.322019
512.450623	17904.667605
513.200256	18349.326720
513.949829	18621.455207
514.699341	18773.790208
515.448853	18789.343556
516.198303	18714.562369
516.947693	18493.978318
517.697021	18234.410560
518.446350	17882.372808
519.195618	17497.412152
519.944824	17056.610298
520.694031	16634.970105
521.443176	16199.667470
522.192261	15740.249644
522.941284	15247.615676
523.690308	14799.751256
524.439270	14294.662145
525.188171	13805.794649
525.937012	13401.104178
526.685852	12922.581765
527.434631	12489.192969
528.183411	12082.181863
528.932068	11665.632324
529.680725	11277.617855
530.429321	10878.255421
531.177917	10480.713529
531.926392	10118.450822
532.674866	9810.650129
533.423279	9486.940518
534.171692	9043.409701
534.920044	8526.251973
535.668335	8130.211735
536.416565	7746.242189
537.164795	7425.524650
537.912964	7107.440726
538.661072	6762.591144
539.409119	6422.464973
540.157166	6079.549476
540.905151	5795.158977
541.653076	5518.992146
542.401001	5348.645143
543.148865	5442.189198
543.896667	7030.270227
544.644409	14191.314014
545.392151	36999.504909
546.139832	57384.600158
546.887451	35598.228601
547.635010	15972.141539
548.382568	6981.824857
549.130066	3959.394915
549.877502	3240.889099
550.624939	2956.881829
551.372314	2776.625954
552.119629	2605.521877
552.866882	2474.194946
553.614136	2342.432754
554.361328	2202.244916
555.108459	2050.080562
555.855591	1920.381466
556.602661	1802.484522
557.349670	1693.601200
558.096619	1586.018041
558.843567	1500.463581
559.590454	1417.784799
560.337280	1340.585323
561.084045	1278.046585
561.830811	1226.058804
562.577515	1164.430284
563.324158	1116.463987
564.070801	1067.139712
564.817383	1012.580460
565.563904	959.659950
566.310364	924.083432
567.056824	889.839042
567.803223	850.036594
568.549561	814.544225
569.295837	790.629350
570.042114	735.053616
570.788330	691.907651
571.534485	656.478115
572.280640	632.323359
573.026733	616.253112
573.772766	627.636017
574.518738	696.513969
575.264709	1128.278189
576.010620	2768.381572
576.756470	6076.415088
577.502319	5705.319590
578.248047	5251.126598
578.993835	7169.468320
579.739502	5262.329851
580.485107	3073.069252
581.230713	1776.178354
581.976318	1238.989539
582.721802	1037.205813
583.467285	873.457365
584.212708	783.818585
584.958069	795.554582
585.703430	1045.700810
586.448669	1791.238161
587.193909	2799.328704
587.939148	2532.956482
588.684265	1716.038292
589.429382	1269.139138
590.174500	1204.217494
590.919495	1451.856979
591.664490	2026.615240
592.409424	2985.316015
593.154297	3693.395033
593.899170	3247.152404
594.643982	2446.010734
595.388733	1964.627365
596.133423	1815.242077
596.878113	1913.557941
597.622742	2242.364199
598.367310	2844.790608
599.111816	3471.466901
599.856323	3623.426460
600.600769	3201.805922
601.345215	2681.045872
602.089539	2318.846486
602.833862	2174.906189
603.578125	2237.798399
604.322388	2406.595693
605.066528	2646.561520
605.810669	2987.432396
606.554810	3516.490953
607.298828	4349.382586
608.042847	5805.956074
608.786804	8712.874287
609.530701	15281.661693
610.274597	30108.788349
611.018433	50972.070240
611.762207	54059.231270
612.505981	40786.431790
613.249634	29948.835375
613.993286	23691.187120
614.736938	19674.350459
615.480469	15633.196762
616.223999	12071.327292
616.967468	9524.843113
617.710938	8005.960252
618.454285	7277.926891
619.197632	7125.058654
619.940979	7307.690125
620.684204	7769.666323
621.427429	8651.615216
622.170593	9835.714345
622.913696	11216.982646
623.656799	12408.468257
624.399841	13238.080600
625.142822	13590.676517
625.885742	13749.231189
626.628662	13803.280290
627.371521	13943.234278
628.114319	14353.782701
628.857117	15360.515377
629.599854	17300.884892
630.342529	20331.701628
631.085144	22372.592229
631.827759	21158.186384
632.570313	18870.640822
633.312805	16751.056282
634.055237	14984.541599
634.797668	13413.949242
635.540039	12081.054168
636.282349	10950.835610
637.024658	10136.739867
637.766907	9649.352827
638.509094	9548.965458
639.251221	9815.934716
639.993347	10342.237349
640.735413	10740.825958
641.477417	10813.310609
642.219421	10614.308782
642.961304	10348.581669
643.703186	10226.746062
644.445068	10372.689895
645.186829	10758.974910
645.928589	11430.246363
646.670288	12380.919635
647.411987	13678.348824
648.153625	15484.895186
648.895203	18032.801569
649.636719	21236.645901
650.378174	24433.700394
651.119629	26251.861545
651.861023	26786.289658
652.602417	26735.987315
653.343689	26402.793984
654.084961	26147.163487
654.826172	26684.802774
655.567383	28143.515188
656.308472	30561.833492
657.049561	33892.283081
657.790649	37432.227456
658.531616	40334.484157
659.272583	41767.511295
660.013489	41540.044156
660.754395	39900.720180
661.495178	37563.204070
662.235962	34872.759495
662.976746	31520.550139
663.717407	28186.170632
664.458069	25256.779521
665.198669	23143.658441
665.939209	21598.451431
666.679749	20383.404541
667.420227	19005.415240
668.160645	17186.418101
668.901001	15087.908608
669.641357	12948.834917
670.381653	11042.576376
671.121887	9502.264214
671.862122	8354.237606
672.602234	7447.912171
673.342407	6743.892540
674.082458	6190.308216
674.822510	5719.819170
675.562439	5351.523523
676.302429	5015.496395
677.042297	4753.806095
677.782166	4542.718264
678.521973	4400.196979
679.261719	4235.268112
680.001465	4094.967729
680.741150	3949.041152
681.480774	3813.077793
682.220337	3729.978941
682.959900	3616.090808
683.699402	3510.150269
684.438843	3413.062156
685.178223	3369.022468
685.917603	3442.680762
686.656921	3764.486051
687.396179	4154.599250
688.135437	4116.542463
688.874634	3612.313610
689.613770	3162.355020
690.352905	3052.933414
691.091919	2823.028438
691.830933	2520.134301
692.569885	2571.038972
693.308838	2966.987191
694.047729	2881.858803
694.786560	2364.148840
695.525330	1997.864550
696.264099	1753.052487
697.002808	1605.729355
697.741455	1508.075905
698.480042	1439.254244
699.218628	1416.644964
699.957153	1367.622144
700.695618	1346.006376
701.434082	1354.774595
702.172485	1355.493774
702.910828	1441.010161
703.649109	1617.928495
704.387390	1838.364518
705.125610	2372.383728
705.863770	3400.693263
706.601929	4602.166993
707.339966	4932.696042
708.078003	4990.709073
708.816040	5826.351193
709.553955	4742.689470
710.291870	3278.506352
711.029724	3170.270467
711.767578	4251.146167
712.505310	4429.738239
713.243042	3081.103113
713.980774	1911.660097
714.718384	1231.544507
715.455994	875.365826
716.193542	736.692214
716.931030	659.187621
717.668518	624.859628
718.405945	594.374160
719.143311	563.273348
719.880676	537.897345
720.617920	517.073414
721.355164	499.594788
722.092407	487.644034
722.829529	464.788512
723.566650	442.532190
724.303711	428.260744
725.040710	423.949068
725.777710	401.256219
726.514648	394.346116
727.251526	380.286616
727.988403	372.347742
728.725159	359.209080
729.461975	356.731392
730.198669	339.765854
730.935303	335.951576
731.671936	318.455725
732.408508	307.103667
733.145081	293.416968
733.881592	271.435342
734.617981	266.122411
735.354431	256.176649
736.090759	251.696649
736.827087	256.376526
737.563354	232.659240
738.299561	236.663819
739.035767	231.452518
739.771912	234.893176
740.507996	254.781213
741.244080	284.339349
741.980042	346.035637
742.716003	352.522803
743.451965	321.956628
744.187805	264.287730
744.923645	235.100646
745.659424	235.261390
746.395142	252.984501
747.130859	247.536389
747.866516	215.572039
748.602112	181.332001
749.337708	187.889192
750.073242	178.934021
750.808716	189.574813
751.544128	184.422059
752.279480	167.276970
753.014832	172.218611
753.750122	167.264469
754.485413	151.292446
755.220642	147.872934
755.955750	144.148658
756.690918	152.927656
757.425964	144.962105
758.161011	136.621816
758.895996	134.907486
759.630920	129.441612
760.365845	132.755020
761.100708	134.181951
761.835510	122.977075
762.570313	143.438190
763.304993	151.903960
764.039673	152.001094
764.774353	137.885623
765.508911	135.564695
766.243469	133.062030
766.977966	131.438232
767.712402	125.360997
768.446838	127.743159
769.181213	127.777652
769.915527	137.788209
770.649841	129.621668
771.384033	142.159346
772.118225	196.015176
772.852417	239.625760
773.586487	202.384943
774.320557	166.370936
775.054565	139.039025
775.788574	126.425993
776.522461	115.133886
777.256348	119.267668
777.990234	104.629565
778.723999	114.545279
779.457764	107.539464
780.191467	103.363982
780.925110	114.404472
781.658752	107.898236
782.392334	107.118072
783.125854	109.950037
783.859314	103.884409
784.592773	106.582834
785.326172	98.023194
786.059509	101.051642
786.792847	100.964437
787.526123	106.503334
788.259338	103.487918
788.992493	101.577977
789.725647	103.593787
790.458740	104.627441
791.191772	98.394644
791.924744	112.822923
792.657715	102.432175
793.390625	114.746884
794.123535	127.420054
794.856323	136.392562
795.589111	129.465671
796.321838	119.269275
797.054565	126.603385
797.787170	126.873888
798.519775	118.552022
799.252319	130.725671
799.984863	133.573260
800.717346	148.379056
801.449768	155.252479
802.182129	158.398430
802.914490	167.661890
803.646790	194.629413
804.379028	239.279807
805.111206	242.012545
805.843384	201.543020
806.575500	194.056925
807.307556	162.301277
808.039612	137.747104
808.771606	134.469958
809.503540	145.022728
810.235413	176.608432
810.967285	232.446917
811.699097	241.525789
812.430847	198.501340
813.162537	160.116692
813.894226	155.560068
814.625854	145.983461
815.357422	152.837424
816.088989	150.363539
816.820496	155.679758
817.551941	162.359504
818.283325	175.672288
819.014709	179.617349
819.746033	215.425713
820.477295	226.677230
821.208557	239.358409
821.939697	217.311667
822.670837	192.860931
823.401978	187.377212
824.132996	175.259146
824.864014	164.264386
825.594971	174.413421
826.325928	200.737378
827.056824	208.725182
827.787659	187.254227
828.518433	178.800730
829.249146	167.316440
829.979858	169.968648
830.710510	167.247452
831.441162	169.395786
832.171692	169.947552
832.902222	165.139369
833.632690	152.526370
834.363159	169.784554
835.093567	159.802142
835.823914	170.348906
836.554199	169.264267
837.284424	180.400760
838.014648	181.613439
838.744812	188.382910
839.474976	206.120104
840.205017	236.721494
840.935059	246.280796
841.665100	261.332167
842.395020	268.720548
843.124939	233.865496
843.854797	228.184944
844.584595	205.342404
845.314392	216.288787
846.044128	204.797644
846.773804	219.241168
847.503418	220.539460
848.233032	225.586780
848.962585	239.854332
849.692078	245.855945
850.421570	265.737299
851.151001	253.706034
851.880371	251.488120
852.609680	232.388310
853.338989	200.609377
854.068237	188.719933
854.797424	171.511704
855.526550	167.614152
856.255676	164.858998
856.984741	167.067456
857.713745	165.452473
858.442749	162.187000
859.171692	166.583180
859.900574	170.499199
860.629395	178.852176
861.358215	201.518345
862.086975	232.128893
862.815674	256.385095
863.544373	254.950754
864.272949	215.670766
865.001526	206.098584
865.730103	173.101874
866.458557	163.768725
867.187012	164.622544
867.915405	146.627715
868.643799	139.912051
869.372131	142.576625
870.100403	123.725082
870.828613	128.979395
871.556763	122.660867
872.284912	125.590951
873.013000	125.565204
873.741089	120.107340
874.469055	130.977580
875.197021	138.002667
875.924927	133.820653
876.652832	150.764012
877.380615	127.197830
878.108459	158.293038
878.836182	140.964085
879.563843	132.315205
880.291504	127.136459
881.019104	118.932593
881.746704	126.302720
882.474182	129.966165
883.201660	128.385264
883.929138	129.860647
884.656494	132.554882
885.383850	136.723969
886.111145	127.484184
886.838379	134.394810
887.565613	131.909700
888.292786	131.682620
889.019897	147.369682
889.746948	142.147977
890.473999	137.173549
891.200989	143.861700
891.927917	142.418344
892.654846	143.034800
893.381653	147.093787
894.108521	130.773908
894.835266	133.533148
895.562012	126.568223
896.288635	141.876769
897.015320	140.520718
897.741882	141.721057
898.468445	146.225475
899.194946	136.919388
899.921387	134.263946
900.647827	144.602415
901.374146	132.588283
902.100525	142.407821
902.826782	123.964432
903.553040	138.230829
904.279236	145.541556
905.005371	136.201025
905.731445	146.074305
906.457520	150.183691
907.183533	144.549184
907.909485	145.752147
908.635437	129.106836
909.361328	131.428585
910.087158	137.980636
910.812927	146.468066
911.538696	232.095236
912.264404	311.354707
912.990051	253.930001
913.715698	190.602506
914.441284	171.091606
915.166809	147.088166
915.892273	130.311248
916.617737	138.282626
917.343140	126.644872
918.068481	128.353616
918.793762	127.249676
919.519043	126.610374
920.244263	133.391629
920.969421	130.884822
921.694580	156.100895
922.419678	155.374922
923.144714	173.224422
923.869690	264.255058
924.594666	244.993995
925.319580	216.418821
926.044434	188.141554
926.769226	158.572418
927.494019	163.177707
928.218750	139.073625
928.943481	150.564603
929.668091	156.961776
930.392700	135.226446
931.117249	165.680199
931.841797	129.498908
932.566223	146.290486
933.290649	160.516395
934.015076	181.184819
934.739380	168.497419
935.463684	160.925482
936.187927	167.173948
936.912109	169.520550
937.636292	151.810372
938.360413	185.217856
939.084473	180.148853
939.808472	190.704877
940.532471	225.019546
941.256409	195.659844
941.980286	194.995424
942.704163	232.537651
943.427979	243.011195
944.151733	295.168055
944.875427	220.467880
945.599121	221.462185
946.322754	178.755291
947.046326	211.872525
947.769897	216.861246
948.493347	193.554557
949.216797	231.194152
949.940247	226.880101
950.663574	197.736598
951.386902	229.619635
952.110168	204.156536
952.833435	246.707686
953.556580	169.886976
954.279724	208.333219
955.002869	181.315838
955.725891	167.087947
956.448914	195.640077
