193.701462	1255.776722
194.469650	1075.660832
195.237793	1006.639857
196.005890	675.753203
196.773941	776.838983
197.541962	818.224742
198.309921	554.385186
199.077850	500.902363
199.845718	507.022171
200.613556	382.354342
201.381348	489.877916
202.149094	440.706912
202.916794	340.926680
203.684448	325.211364
204.452057	349.344050
205.219635	258.935029
205.987152	282.905336
206.754639	258.494017
207.522064	189.470853
208.289459	268.711621
209.056808	186.388384
209.824112	190.042208
210.591370	227.923978
211.358582	109.846460
212.125763	197.854501
212.892883	181.051883
213.659973	129.654383
214.427002	168.614495
215.194000	148.030630
215.960953	154.565594
216.727859	121.726605
217.494720	113.044094
218.261536	122.200656
219.028305	113.466819
219.795044	115.357490
220.561722	104.785361
221.328369	126.728855
222.094955	80.053323
222.861511	89.327582
223.628021	78.208877
224.394485	85.924616
225.160904	96.255180
225.927277	81.091712
226.693604	94.095332
227.459900	57.602092
228.226135	87.936350
228.992340	49.563686
229.758484	80.952472
230.524597	57.953264
231.290665	71.661166
232.056686	50.708631
232.822662	54.932593
233.588593	57.284319
234.354492	62.265672
235.120331	65.201710
235.886124	48.919154
236.651886	53.165217
237.417603	55.307724
238.183273	55.012920
238.948883	39.966473
239.714462	50.658687
240.480011	44.382422
241.245499	50.722682
242.010941	41.767816
242.776352	56.875640
243.541702	48.597432
244.307022	49.341448
245.072281	41.325182
245.837509	50.921404
246.602692	41.956791
247.367828	54.731262
248.132919	46.511042
248.897980	50.168383
249.662979	40.574291
250.427933	58.304405
251.192856	47.301043
251.957733	53.729458
252.722549	52.330282
253.487335	50.945743
254.252075	36.774728
255.016769	58.975015
255.781433	41.106649
256.546021	49.903721
257.310608	37.966379
258.075104	49.958913
258.839600	46.660337
259.604004	45.059219
260.368408	43.696044
261.132751	42.990081
261.897034	45.715042
262.661285	50.399971
263.425507	45.921575
264.189667	43.997190
264.953796	41.837305
265.717865	46.395341
266.481903	52.740609
267.245880	48.140383
268.009827	54.747761
268.773743	46.101474
269.537598	50.939310
270.301392	49.536680
271.065155	56.810199
271.828888	45.011458
272.592560	58.662691
273.356201	53.447594
274.119781	60.010349
274.883331	43.126704
275.646851	55.109004
276.410309	44.923268
277.173706	51.669085
277.937073	41.757581
278.700409	50.315208
279.463684	45.433953
280.226929	57.190341
280.990112	39.432540
281.753265	53.566720
282.516357	34.880362
283.279419	52.541449
284.042450	36.813510
284.805420	46.489473
285.568329	42.296058
286.331238	49.946875
287.094055	39.812954
287.856842	50.457170
288.619598	42.795566
289.382324	39.884884
290.144989	45.980342
290.907593	40.624573
291.670166	42.827488
292.432709	33.887519
293.195190	45.666227
293.957611	43.067403
294.720032	40.533930
295.482361	35.585558
296.244690	40.843768
297.006958	40.071924
297.769165	49.521484
298.531342	28.841472
299.293457	43.337678
300.055573	35.367847
300.817596	45.595889
301.579590	38.379839
302.341553	48.697224
303.103455	38.601749
303.865326	41.342781
304.627167	31.011381
305.388916	45.734854
306.150665	30.592780
306.912354	41.189650
307.674011	42.032995
308.435608	44.534552
309.197144	37.413712
309.958679	45.516623
310.720123	35.822087
311.481567	41.916211
312.242950	37.857226
313.004272	40.342334
313.765564	38.619855
314.526825	38.212837
315.288025	30.875761
316.049164	36.319703
316.810303	34.017568
317.571350	39.111020
318.332397	37.427046
319.093384	34.929312
319.854309	38.182425
320.615204	39.805100
321.376068	40.464802
322.136871	33.843009
322.897614	26.169468
323.658325	37.255571
324.419006	37.316544
325.179626	38.479738
325.940216	36.521761
326.700775	37.065906
327.461243	35.896846
328.221710	35.352380
328.982117	43.783920
329.742493	35.046394
330.502808	36.977352
331.263062	34.915006
332.023315	43.159464
332.783478	34.510410
333.543640	42.131732
334.303741	32.594197
335.063782	47.219248
335.823792	38.606864
336.583771	47.098027
337.343689	38.509636
338.103546	35.729306
338.863403	35.843184
339.623169	41.266643
340.382935	37.272690
341.142609	40.402787
341.902283	28.710140
342.661896	39.220870
343.421448	38.843629
344.180969	45.516387
344.940460	32.210483
345.699890	41.517632
346.459290	40.928553
347.218628	42.546889
347.977936	32.925861
348.737183	33.380736
349.496399	36.621100
350.255585	45.540893
351.014709	33.622397
351.773773	42.841316
352.532806	29.872369
353.291809	41.442344
354.050751	34.780320
354.809662	41.472088
355.568542	32.661990
356.327332	45.212527
357.086121	28.399644
357.844849	33.264653
358.603516	27.628209
359.362152	39.691310
360.120758	30.516117
360.879303	36.576780
361.637817	34.106297
362.396271	48.657364
363.154694	43.770776
363.913086	46.483041
364.671417	35.987119
365.429688	39.093616
366.187927	33.157333
366.946136	44.783401
367.704285	37.537838
368.462402	44.990683
369.220459	37.024387
369.978485	45.569385
370.736450	39.136673
371.494385	44.483242
372.252258	37.530859
373.010101	39.982399
373.767914	40.078903
374.525665	46.453198
375.283386	35.009548
376.041046	42.791547
376.798676	38.925570
377.556244	34.771599
378.313782	41.974324
379.071259	44.802630
379.828705	37.367827
380.586121	47.428189
381.343475	41.849242
382.100800	42.955502
382.858063	46.946570
383.615295	43.365811
384.372467	44.702070
385.129608	52.216534
385.886688	45.233131
386.643738	56.835690
387.400726	51.961728
388.157715	58.536232
388.914612	53.363646
389.671478	60.120996
390.428314	66.472282
391.185089	64.083178
391.941833	65.045011
392.698517	68.235036
393.455170	69.184135
394.211792	71.217845
394.968353	80.112625
395.724854	84.884237
396.481323	82.455138
397.237762	81.707572
397.994141	80.154862
398.750488	94.050444
399.506775	91.424250
400.263031	97.041554
401.019257	95.967132
401.775421	99.470335
402.531525	124.433883
403.287598	148.001407
404.043640	235.761859
404.799622	269.873290
405.555573	192.825524
406.311462	139.549466
407.067322	138.941832
407.823120	148.356939
408.578888	143.751124
409.334625	147.183305
410.090302	151.626111
410.845917	162.356781
411.601532	178.144016
412.357056	195.317371
413.112549	207.143130
413.868011	232.307180
414.623444	258.625598
415.378784	284.288473
416.134125	317.617379
416.889404	348.421306
417.644623	396.337750
418.399841	442.655532
419.154968	493.407565
419.910065	564.058258
420.665131	643.111866
421.420166	717.953168
422.175110	807.723911
422.930054	921.789143
423.684937	1034.287996
424.439758	1147.466813
425.194550	1286.233319
425.949310	1421.449106
426.704010	1567.359394
427.458679	1721.600411
428.213287	1899.461317
428.967865	2066.503912
429.722382	2265.419761
430.476868	2460.752094
431.231323	2668.515759
431.985718	2942.383235
432.740051	3394.060675
433.494385	4336.044456
434.248627	6195.999373
435.002838	10764.634803
435.757019	16429.024173
436.511169	12126.289208
437.265228	7195.748474
438.019287	5427.517406
438.773285	5186.987338
439.527222	5315.642571
440.281158	5533.961767
441.035004	5742.075861
441.788818	5937.944582
442.542603	6103.679560
443.296326	6296.229878
444.050018	6431.224870
444.803680	6589.473265
445.557281	6711.683007
446.310822	6844.309147
447.064331	6918.456968
447.817810	6987.163561
448.571228	7058.776300
449.324615	7084.784789
450.077942	7118.230708
450.831238	7138.362389
451.584473	7132.833868
452.337677	7104.457643
453.090851	7073.771071
453.843964	6985.075842
454.597015	6939.552722
455.350037	6841.072085
456.103027	6733.641126
456.855957	6619.049520
457.608856	6472.892207
458.361694	6338.119610
459.114502	6207.824428
459.867279	6063.427870
460.619995	5906.562814
461.372650	5752.040939
462.125275	5591.374888
462.877869	5418.245671
463.630402	5275.019613
464.382904	5119.765855
465.135345	4958.939844
465.887756	4809.043323
466.640106	4616.315231
467.392426	4453.917754
468.144714	4277.455003
468.896942	4146.974357
469.649139	3985.593061
470.401276	3838.296541
471.153351	3704.945403
471.905426	3581.167523
472.657440	3478.492800
473.409393	3362.523668
474.161316	3270.266779
474.913177	3188.260682
475.665009	3123.540831
476.416809	3063.927024
477.168549	3008.616156
477.920258	2956.591272
478.671906	2921.386463
479.423523	2901.717113
480.175079	2878.903371
480.926605	2846.203830
481.678070	2822.003646
482.429504	2803.646326
483.180908	2777.270734
483.932251	2768.160223
484.683563	2749.572104
485.434814	2751.900517
486.186005	2761.867674
486.937195	2756.866478
487.688324	2759.890710
488.439392	2798.291392
489.190430	2834.436530
489.941406	2906.672559
490.692352	3047.677800
491.443268	3261.605105
492.194122	3286.401264
492.944946	3301.809331
493.695709	3387.985891
494.446442	3533.501935
495.197113	3738.730762
495.947754	3980.727040
496.698364	4238.655074
497.448914	4527.286522
498.199402	4870.302237
498.949860	5253.436755
499.700287	5695.409437
500.450653	6146.949386
501.200989	6655.952531
501.951263	7204.491519
502.701508	7831.382965
503.451721	8509.175449
504.201874	9172.346456
504.951965	9935.572290
505.702026	10722.428977
506.452057	11525.686903
507.202026	12381.064257
507.951965	13253.700238
508.701843	14040.445575
509.451691	14811.671118
510.201477	15551.646957
510.951233	16232.473892
511.700958	16814.994052
512.450623	17334.776283
513.200256	17718.322896
513.949829	17962.629568
514.699341	18133.291294
515.448853	18149.212471
516.198303	18046.811727
516.947693	17890.717727
517.697021	17572.398840
518.446350	17264.881958
519.195618	16856.211662
519.944824	16496.447195
520.694031	16106.245476
521.443176	15674.982595
522.192261	15219.584047
522.941284	14766.404239
523.690308	14285.744043
524.439270	13824.616616
525.188171	13365.262197
525.937012	12924.836453
526.685852	12503.200898
527.434631	12063.715382
528.183411	11665.714335
528.932068	11268.476929
529.680725	10869.932070
530.429321	10492.712494
531.177917	10139.064298
531.926392	9729.464839
532.674866	9423.929437
533.423279	9102.227006
534.171692	8632.162124
534.920044	8171.266061
535.668335	7748.170444
536.416565	7405.935880
537.164795	7126.639382
537.912964	6809.359376
538.661072	6519.428064
539.409119	6187.918810
540.157166	5854.038590
540.905151	5586.977920
541.653076	5348.556089
542.401001	5177.580493
543.148865	5288.904421
543.896667	6823.445110
544.644409	13762.936366
545.392151	35884.118530
546.139832	56201.172548
546.887451	35088.941038
547.635010	15800.862106
548.382568	6886.890438
549.130066	3889.453534
549.877502	3135.014356
550.624939	2884.984131
551.372314	2682.753151
552.119629	2517.075683
552.866882	2368.800576
553.614136	2245.917080
554.361328	2102.738433
555.108459	1966.234134
555.855591	1819.122739
556.602661	1717.929622
557.349670	1605.536053
558.096619	1522.528007
558.843567	1429.394082
559.590454	1348.547416
560.337280	1294.763850
561.084045	1245.150198
561.830811	1177.482921
562.577515	1140.145749
563.324158	1077.442115
564.070801	1040.636736
564.817383	982.705646
565.563904	947.074534
566.310364	905.566493
567.056824	869.784091
567.803223	828.883039
568.549561	807.185221
569.295837	770.734834
570.042114	716.993112
570.788330	676.666609
571.534485	643.528948
572.280640	614.159832
573.026733	597.872217
573.772766	594.384968
574.518738	678.402804
575.264709	1083.273581
576.010620	2668.169895
576.756470	5875.536596
577.502319	5572.576125
578.248047	5085.911490
578.993835	6939.129867
579.739502	5109.926904
580.485107	2985.095475
581.230713	1741.216769
581.976318	1220.769105
582.721802	1003.657377
583.467285	858.136829
584.212708	750.203620
584.958069	783.260416
585.703430	1010.997725
586.448669	1732.723753
587.193909	2718.239362
587.939148	2495.225965
588.684265	1680.334846
589.429382	1233.200426
590.174500	1170.801289
590.919495	1438.175452
591.664490	1989.162782
592.409424	2920.085030
593.154297	3614.735258
593.899170	3217.474590
594.643982	2417.381842
595.388733	1942.562518
596.133423	1784.905623
596.878113	1874.765750
597.622742	2186.939671
598.367310	2799.627655
599.111816	3441.695436
599.856323	3598.299468
600.600769	3168.362467
601.345215	2668.166778
602.089539	2287.031732
602.833862	2127.636021
603.578125	2179.141014
604.322388	2363.790441
605.066528	2593.222801
605.810669	2920.747778
606.554810	3414.280261
607.298828	4229.415580
608.042847	5628.306466
608.786804	8418.830004
609.530701	14741.590555
610.274597	29010.425268
611.018433	49307.102208
611.762207	52492.385662
612.505981	39590.891525
613.249634	29106.489436
613.993286	22955.717585
614.736938	19058.422703
615.480469	15226.066033
616.223999	11701.482785
616.967468	9215.321029
617.710938	7738.276365
618.454285	7041.850191
619.197632	6885.401933
619.940979	7045.426308
620.684204	7521.930761
621.427429	8350.809176
622.170593	9534.456580
622.913696	10899.049715
623.656799	12057.287038
624.399841	12857.296075
625.142822	13254.102268
625.885742	13377.339622
626.628662	13415.802633
627.371521	13601.105633
628.114319	14030.267818
628.857117	14953.226387
629.599854	16815.387374
630.342529	19759.119946
631.085144	21800.013467
631.827759	20659.689936
632.570313	18334.656567
633.312805	16291.837048
634.055237	14497.153554
634.797668	12909.347100
635.540039	11603.304291
636.282349	10522.685030
637.024658	9713.200592
637.766907	9253.309233
638.509094	9148.565384
639.251221	9444.268282
639.993347	9894.614011
640.735413	10288.779853
641.477417	10373.954818
642.219421	10202.523969
642.961304	9928.775218
643.703186	9832.952142
644.445068	9957.938693
645.186829	10361.339520
645.928589	10946.375954
646.670288	11865.217109
647.411987	13139.981757
648.153625	14896.936932
648.895203	17310.688212
649.636719	20405.289489
650.378174	23524.290694
651.119629	25240.453964
651.861023	25777.664617
652.602417	25734.739846
653.343689	25392.023194
654.084961	25159.029117
654.826172	25667.399083
655.567383	27107.634625
656.308472	29504.570855
657.049561	32674.776356
657.790649	36118.659696
658.531616	38830.922502
659.272583	40233.123426
660.013489	39948.644631
660.754395	38346.660708
661.495178	36044.766462
662.235962	33384.124515
662.976746	30160.819250
663.717407	26856.242400
664.458069	24068.210803
665.198669	22033.838944
665.939209	20575.201668
666.679749	19427.365205
667.420227	18022.303559
668.160645	16314.304414
668.901001	14335.266227
669.641357	12274.408320
670.381653	10472.769651
671.121887	9024.356448
671.862122	7916.300425
672.602234	7064.242948
673.342407	6385.965915
674.082458	5878.573261
674.822510	5438.050852
675.562439	5071.336141
676.302429	4736.327576
677.042297	4512.604273
677.782166	4324.507152
678.521973	4159.032550
679.261719	4000.400723
680.001465	3862.174278
680.741150	3747.505104
681.480774	3628.701146
682.220337	3525.243678
682.959900	3426.734702
683.699402	3320.166191
684.438843	3224.003320
685.178223	3200.226636
685.917603	3283.924729
686.656921	3569.494934
687.396179	3970.004825
688.135437	3894.348740
688.874634	3428.606435
689.613770	3034.211670
690.352905	2879.072350
691.091919	2678.789363
691.830933	2391.239723
692.569885	2468.300041
693.308838	2820.083427
694.047729	2751.352790
694.786560	2251.714163
695.525330	1892.000358
696.264099	1656.913370
697.002808	1526.195537
697.741455	1433.375241
698.480042	1359.708801
699.218628	1333.133670
699.957153	1304.306304
700.695618	1287.316872
701.434082	1262.911998
702.172485	1281.971610
702.910828	1350.654683
703.649109	1528.844081
704.387390	1750.222968
705.125610	2232.831744
705.863770	3220.722219
706.601929	4412.350079
707.339966	4721.372275
708.078003	4796.327397
708.816040	5562.732149
709.553955	4579.488190
710.291870	3130.528704
711.029724	3009.382035
711.767578	4066.597934
712.505310	4237.573693
713.243042	2939.840346
713.980774	1832.032169
714.718384	1179.771063
715.455994	847.032212
716.193542	693.012445
716.931030	625.247342
717.668518	586.222252
718.405945	563.533992
719.143311	537.368667
719.880676	516.119123
720.617920	490.377705
721.355164	471.208721
722.092407	468.229635
722.829529	441.823392
723.566650	423.163390
724.303711	409.556585
725.040710	401.472792
725.777710	382.970140
726.514648	375.728917
727.251526	371.803902
727.988403	357.438138
728.725159	343.722536
729.461975	328.298189
730.198669	328.690832
730.935303	315.318330
731.671936	300.904095
732.408508	283.745739
733.145081	278.072288
733.881592	258.243345
734.617981	254.464481
735.354431	242.898383
736.090759	241.472734
736.827087	236.655254
737.563354	229.007031
738.299561	226.503666
739.035767	223.968751
739.771912	228.064886
740.507996	239.472470
741.244080	279.244649
741.980042	324.813220
742.716003	349.625356
743.451965	312.714514
744.187805	249.221117
744.923645	229.407128
745.659424	226.774728
746.395142	249.918022
747.130859	239.988696
747.866516	206.747453
748.602112	186.240446
749.337708	183.132503
750.073242	178.652678
750.808716	180.279168
751.544128	179.751355
752.279480	172.641126
753.014832	169.089949
753.750122	163.264977
754.485413	150.151693
755.220642	142.729528
755.955750	142.714343
756.690918	151.202908
757.425964	145.827550
758.161011	134.740372
758.895996	125.923314
759.630920	138.263890
760.365845	128.237560
761.100708	128.036212
761.835510	121.661030
762.570313	133.495482
763.304993	155.263375
764.039673	156.381529
764.774353	137.296368
765.508911	129.355625
766.243469	127.591702
766.977966	129.660037
767.712402	126.841056
768.446838	121.822271
769.181213	131.636211
769.915527	132.563304
770.649841	124.233238
771.384033	138.264569
772.118225	193.011112
772.852417	243.089866
773.586487	204.048796
774.320557	168.946807
775.054565	144.649105
775.788574	119.444485
776.522461	119.398104
777.256348	109.506632
777.990234	106.006270
778.723999	106.724918
779.457764	105.074376
780.191467	105.832376
780.925110	104.986560
781.658752	109.444056
782.392334	116.912613
783.125854	106.051100
783.859314	108.741750
784.592773	98.734319
785.326172	107.935652
786.059509	106.921203
786.792847	104.149435
787.526123	104.277891
788.259338	107.952728
788.992493	103.334829
789.725647	100.867635
790.458740	105.273289
791.191772	107.811954
791.924744	103.325493
792.657715	111.744191
793.390625	115.727627
794.123535	133.495494
794.856323	138.536580
795.589111	133.620539
796.321838	127.264981
797.054565	124.440646
797.787170	126.873888
798.519775	126.140700
799.252319	130.217011
799.984863	141.720041
800.717346	159.306858
801.449768	163.658414
802.182129	164.748096
802.914490	173.359977
803.646790	214.924994
804.379028	252.893101
805.111206	243.585190
805.843384	219.419010
806.575500	194.935806
807.307556	173.286734
808.039612	143.065525
808.771606	147.242830
809.503540	151.258349
810.235413	187.904199
810.967285	234.610891
811.699097	251.687655
812.430847	200.866618
813.162537	173.550519
813.894226	156.287834
814.625854	150.745783
815.357422	158.525251
816.088989	167.295541
816.820496	168.392070
817.551941	175.518779
818.283325	176.414304
819.014709	194.662856
819.746033	218.601981
820.477295	247.216353
821.208557	247.037357
821.939697	239.005106
822.670837	203.480608
823.401978	194.971020
824.132996	189.484726
824.864014	176.488712
825.594971	194.538047
826.325928	220.466338
827.056824	202.382704
827.787659	196.674614
828.518433	177.837364
829.249146	195.526770
829.979858	186.128324
830.710510	181.672057
831.441162	176.599975
832.171692	175.003200
832.902222	176.460981
833.632690	182.206114
834.363159	174.107771
835.093567	183.978850
835.823914	165.835053
836.554199	183.665539
837.284424	194.793388
838.014648	195.992811
838.744812	196.116524
839.474976	212.845712
840.205017	236.127214
840.935059	262.106068
841.665100	262.715923
842.395020	285.205252
843.124939	241.377659
843.854797	225.211205
844.584595	218.313498
845.314392	222.903736
846.044128	214.807304
846.773804	222.654263
847.503418	227.387261
848.233032	236.635109
848.962585	231.230806
849.692078	262.527549
850.421570	259.448859
851.151001	267.551950
851.880371	271.566607
852.609680	240.637592
853.338989	214.680175
854.068237	184.683142
854.797424	171.511704
855.526550	177.884627
856.255676	166.495316
856.984741	175.013347
857.713745	167.088592
858.442749	176.558000
859.171692	174.789248
859.900574	187.610969
860.629395	198.333178
861.358215	218.726187
862.086975	244.192939
862.815674	280.486125
863.544373	263.074185
864.272949	231.762480
865.001526	211.771022
865.730103	193.392204
866.458557	174.136513
867.187012	172.451637
867.915405	151.750081
868.643799	149.111162
869.372131	139.350910
870.100403	153.522746
870.828613	137.476349
871.556763	139.118049
872.284912	119.662707
873.013000	123.575614
873.741089	130.561127
874.469055	143.963392
875.197021	136.877034
875.924927	150.774283
876.652832	144.169508
877.380615	153.640389
878.108459	160.587140
878.836182	157.264492
879.563843	136.687360
880.291504	136.528521
881.019104	122.835786
881.746704	142.176833
882.474182	133.180876
883.201660	142.140828
883.929138	127.345740
884.656494	143.067855
885.383850	126.206741
886.111145	124.732726
886.838379	130.712761
887.565613	133.751371
888.292786	128.235431
889.019897	145.530435
889.746948	135.006020
890.473999	142.946846
891.200989	139.221000
891.927917	153.552025
892.654846	137.443863
893.381653	148.503631
894.108521	140.165212
894.835266	148.685845
895.562012	133.985264
896.288635	144.281460
897.015320	135.925376
897.741882	149.901899
898.468445	154.443105
899.194946	159.214226
899.921387	132.793902
900.647827	142.875082
901.374146	145.698692
902.100525	145.374650
902.826782	138.040075
903.553040	154.085261
904.279236	150.829398
905.005371	144.873001
905.731445	143.260264
906.457520	158.343077
907.183533	147.603040
907.909485	137.583900
908.635437	135.242606
909.361328	143.564426
910.087158	161.327169
910.812927	163.184530
911.538696	243.488039
912.264404	330.600171
912.990051	256.041685
913.715698	215.556037
914.441284	166.780636
915.166809	164.695405
915.892273	149.434492
916.617737	149.692980
917.343140	142.069568
918.068481	147.470112
918.793762	125.597083
919.519043	130.243785
920.244263	137.057783
920.969421	148.411515
921.694580	154.971775
922.419678	173.620784
923.144714	181.828284
923.869690	259.598582
924.594666	250.629451
925.319580	221.221458
926.044434	184.523447
926.769226	160.686716
927.494019	156.796456
928.218750	152.053830
928.943481	155.976016
929.668091	162.193835
930.392700	135.556267
931.117249	155.428530
931.841797	136.860603
932.566223	150.050288
933.290649	166.937051
934.015076	207.389235
934.739380	168.497419
935.463684	176.460367
936.187927	172.102909
936.912109	174.696750
937.636292	174.489361
938.360413	166.195482
939.084473	180.685010
939.808472	202.414826
940.532471	234.728512
941.256409	217.987394
941.980286	207.182638
942.704163	263.201956
943.427979	237.785148
944.151733	280.214607
944.875427	241.617415
945.599121	229.055174
946.322754	222.506586
947.046326	215.667257
947.769897	215.600425
948.493347	219.199010
949.216797	219.398532
949.940247	209.164022
950.663574	198.860102
951.386902	216.145622
952.110168	231.714856
952.833435	240.099445
953.556580	207.580649
954.279724	229.794682
955.002869	187.479549
955.725891	165.056483
956.448914	176.740122
