193.701462	1018.197342
194.469650	774.673168
195.237793	1390.121708
196.005890	757.309624
196.773941	395.418041
197.541962	808.855757
198.309921	616.296222
199.077850	495.791114
199.845718	598.145971
200.613556	463.980550
201.381348	378.812477
202.149094	490.286440
202.916794	340.926680
203.684448	228.441154
204.452057	315.297808
205.219635	275.551181
205.987152	250.462064
206.754639	374.328600
207.522064	161.911456
208.289459	239.456727
209.056808	279.582576
209.824112	131.866022
210.591370	283.066876
211.358582	112.461852
212.125763	153.978817
212.892883	210.177621
213.659973	104.173175
214.427002	216.483865
215.194000	125.519059
215.960953	132.391627
216.727859	137.332580
217.494720	69.381560
218.261536	180.145568
219.028305	76.011752
219.795044	128.057398
220.561722	92.577358
221.328369	114.985641
222.094955	110.661946
222.861511	67.109046
223.628021	97.433405
224.394485	54.334684
225.160904	97.879740
225.927277	61.504342
226.693604	114.501549
227.459900	48.852407
228.226135	78.439224
228.992340	43.453094
229.758484	75.708587
230.524597	78.854440
231.290665	56.348951
232.056686	79.176634
232.822662	32.499388
233.588593	70.697232
234.354492	49.758157
235.120331	65.201710
235.886124	39.601220
236.651886	54.177888
237.417603	45.387056
238.183273	71.808900
238.948883	30.393665
239.714462	61.732912
240.480011	28.581350
241.245499	55.312970
242.010941	41.994815
242.776352	65.193421
243.541702	41.686788
244.307022	48.677662
245.072281	36.269442
245.837509	62.504385
246.602692	33.913261
247.367828	67.711008
248.132919	31.868677
248.897980	61.102518
249.662979	38.652351
250.427933	68.092736
251.192856	33.301631
251.957733	53.940992
252.722549	46.422024
253.487335	54.524576
254.252075	35.513880
255.016769	63.172525
255.781433	37.751004
256.546021	64.371607
257.310608	33.771199
258.075104	52.267939
258.839600	33.629072
259.604004	46.322562
260.368408	34.830180
261.132751	59.084890
261.897034	28.066909
262.661285	62.359286
263.425507	26.823350
264.189667	58.878593
264.953796	39.236022
265.717865	58.593177
266.481903	45.737706
267.245880	58.471881
268.009827	36.645679
268.773743	62.502959
269.537598	43.376268
270.301392	62.924972
271.065155	41.153845
271.828888	56.656213
272.592560	57.767077
273.356201	63.063688
274.119781	56.664047
274.883331	45.794336
275.646851	54.445040
276.410309	54.172177
277.173706	46.852475
277.937073	48.282203
278.700409	51.394934
279.463684	36.647198
280.226929	55.914720
280.990112	39.432540
281.753265	57.123885
282.516357	31.973665
283.279419	50.481000
284.042450	39.676783
284.805420	57.046035
285.568329	37.059403
286.331238	53.942625
287.094055	33.870722
287.856842	56.936106
288.619598	31.707624
289.382324	51.831081
290.144989	35.486903
290.907593	50.639002
291.670166	41.892390
292.432709	45.368536
293.195190	38.330287
293.957611	47.065221
294.720032	34.048501
295.482361	48.639557
296.244690	28.413056
297.006958	49.957509
297.769165	46.887363
298.531342	36.532531
299.293457	40.901021
300.055573	34.674360
300.817596	45.595889
301.579590	44.403580
302.341553	38.923486
303.103455	38.601749
303.865326	40.492106
304.627167	28.977848
305.388916	41.347008
306.150665	31.769426
306.912354	52.742844
307.674011	41.032210
308.435608	44.202204
309.197144	29.136342
309.958679	42.548147
310.720123	42.066304
311.481567	45.518386
312.242950	35.899094
313.004272	45.385125
313.765564	23.204367
314.526825	50.194828
315.288025	17.943505
316.049164	39.386700
316.810303	31.115595
317.571350	43.778590
318.332397	33.250638
319.093384	40.056550
319.854309	30.034711
320.615204	45.537034
321.376068	34.276068
322.136871	52.187817
322.897614	25.223584
323.658325	49.045308
324.419006	31.985609
325.179626	38.792582
325.940216	36.209609
326.700775	42.049557
327.461243	26.262194
328.221710	39.693901
328.982117	34.501110
329.742493	46.471209
330.502808	29.427809
331.263062	37.222165
332.023315	33.636736
332.783478	35.430688
333.543640	37.841956
334.303741	39.174246
335.063782	44.927051
335.823792	37.386094
336.583771	35.818888
337.343689	45.206964
338.103546	36.793583
338.863403	36.298818
339.623169	43.087230
340.382935	37.121175
341.142609	48.876780
341.902283	33.243320
342.661896	43.293807
343.421448	36.434721
344.180969	37.554775
344.940460	37.004601
345.699890	41.069600
346.459290	33.338166
347.218628	47.439040
347.977936	29.234621
348.737183	45.291924
349.496399	33.691412
350.255585	45.248964
351.014709	30.711367
351.773773	42.986541
352.532806	31.177473
353.291809	47.528282
354.050751	31.302288
354.809662	43.502190
355.568542	26.710250
356.327332	51.463777
357.086121	24.904303
357.844849	46.249539
358.603516	23.535141
359.362152	45.842731
360.120758	28.755572
360.879303	45.390462
361.637817	29.401980
362.396271	58.065434
363.154694	31.873351
363.913086	48.535920
364.671417	36.718564
365.429688	47.991789
366.187927	24.286292
366.946136	47.247213
367.704285	30.463399
368.462402	47.146786
369.220459	34.594215
369.978485	53.945066
370.736450	26.607307
371.494385	51.176645
372.252258	30.217861
373.010101	47.760545
373.767914	34.546125
374.525665	44.717877
375.283386	29.989311
376.041046	47.502543
376.798676	35.162765
377.556244	41.082000
378.313782	30.840890
379.071259	52.057602
379.828705	39.901239
380.586121	52.347602
381.343475	39.461448
382.100800	44.082614
382.858063	35.709359
383.615295	52.587277
384.372467	33.744459
385.129608	56.453675
385.886688	37.111160
386.643738	60.850574
387.400726	50.952763
388.157715	65.884936
388.914612	52.982477
389.671478	67.238915
390.428314	63.808316
391.185089	77.607635
391.941833	56.993017
392.698517	75.997553
393.455170	54.973340
394.211792	80.647385
394.968353	70.607737
395.724854	87.955302
396.481323	71.077797
397.237762	84.024652
397.994141	78.814887
398.750488	100.750929
399.506775	82.769421
400.263031	103.990509
401.019257	88.781775
401.775421	114.044743
402.531525	118.145679
403.287598	150.405979
404.043640	229.189684
404.799622	273.672650
405.555573	185.513485
406.311462	147.276199
407.067322	132.784710
407.823120	157.449413
408.578888	140.222790
409.334625	158.089937
410.090302	148.404750
410.845917	169.711686
411.601532	171.517928
412.357056	198.870553
413.112549	210.563450
413.868011	236.235593
414.623444	252.188976
415.378784	294.145764
416.134125	306.991937
416.889404	354.626494
417.644623	398.082375
418.399841	446.625993
419.154968	497.953704
419.910065	568.174006
420.665131	633.223984
421.420166	724.721616
422.175110	807.823238
422.930054	916.532545
423.684937	1015.085022
424.439758	1148.257079
425.194550	1281.898918
425.949310	1420.467171
426.704010	1563.738496
427.458679	1733.602727
428.213287	1901.115392
428.967865	2084.263385
429.722382	2268.904576
430.476868	2479.103662
431.231323	2703.691210
431.985718	2979.405836
432.740051	3409.517899
433.494385	4408.634700
434.248627	6258.718701
435.002838	10906.527612
435.757019	16528.593438
436.511169	12095.422117
437.265228	7152.785377
438.019287	5396.104976
438.773285	5136.177272
439.527222	5296.411143
440.281158	5524.015243
441.035004	5696.406072
441.788818	5912.463907
442.542603	6095.347667
443.296326	6304.274304
444.050018	6470.571149
444.803680	6628.797038
445.557281	6744.752932
446.310822	6845.631646
447.064331	6961.983527
447.817810	7036.228733
448.571228	7100.823128
449.324615	7146.503867
450.077942	7127.175338
450.831238	7156.240287
451.584473	7142.145293
452.337677	7084.900380
453.090851	7022.844806
453.843964	6971.367464
454.597015	6900.996524
455.350037	6792.246779
456.103027	6687.960763
456.855957	6581.092824
457.608856	6450.115124
458.361694	6349.117788
459.114502	6207.545274
459.867279	6072.903283
460.619995	5944.219679
461.372650	5776.682088
462.125275	5603.404126
462.877869	5474.265887
463.630402	5298.197379
464.382904	5143.747319
465.135345	4964.374753
465.887756	4813.825695
466.640106	4622.465422
467.392426	4436.970515
468.144714	4290.889451
468.896942	4143.784237
469.649139	3988.228735
470.401276	3824.067536
471.153351	3705.759001
471.905426	3586.939817
472.657440	3449.510610
473.409393	3371.510048
474.161316	3283.098040
474.913177	3205.641259
475.665009	3115.577636
476.416809	3067.501680
477.168549	3012.633000
477.920258	2993.769324
478.671906	2945.876808
479.423523	2914.436920
480.175079	2879.258857
480.926605	2852.419606
481.678070	2824.311380
482.429504	2812.167239
483.180908	2786.414086
483.932251	2786.891600
484.683563	2762.804436
485.434814	2767.626171
486.186005	2744.715976
486.937195	2770.914432
487.688324	2779.198111
488.439392	2818.410816
489.190430	2863.477523
489.941406	2958.295620
490.692352	3086.591541
491.443268	3286.891636
492.194122	3340.883866
492.944946	3367.825811
493.695709	3448.703449
494.446442	3601.293309
495.197113	3787.539023
495.947754	4033.633046
496.698364	4270.175934
497.448914	4582.452264
498.199402	4928.669725
498.949860	5330.628121
499.700287	5760.658888
500.450653	6244.014576
501.200989	6762.788197
501.951263	7347.646313
502.701508	7934.723281
503.451721	8614.700430
504.201874	9358.708464
504.951965	10077.656610
505.702026	10880.294230
506.452057	11718.060816
507.202026	12568.601312
507.951965	13369.948079
508.701843	14166.500047
509.451691	14945.857023
510.201477	15727.728815
510.951233	16374.994866
511.700958	16934.907042
512.450623	17459.121091
513.200256	17840.645784
513.949829	18135.450912
514.699341	18302.269821
515.448853	18304.339258
516.198303	18195.850551
516.947693	17998.954455
517.697021	17737.835560
518.446350	17404.178866
519.195618	17017.084128
519.944824	16619.931101
520.694031	16220.635550
521.443176	15749.323192
522.192261	15364.237732
522.941284	14816.670912
523.690308	14363.859843
524.439270	13894.787012
525.188171	13452.216284
525.937012	12968.371458
526.685852	12537.124615
527.434631	12136.009074
528.183411	11738.644133
528.932068	11314.215265
529.680725	10963.314565
530.429321	10580.224619
531.177917	10232.678812
531.926392	9883.553367
532.674866	9595.474321
533.423279	9243.031450
534.171692	8798.030225
534.920044	8334.348698
535.668335	7949.925552
536.416565	7565.338810
537.164795	7259.487087
537.912964	6944.030956
538.661072	6643.977168
539.409119	6256.250458
540.157166	5989.860677
540.905151	5667.526811
541.653076	5414.396259
542.401001	5231.155196
543.148865	5329.655522
543.896667	6889.354451
544.644409	13952.642645
545.392151	36337.907583
546.139832	56428.778793
546.887451	34917.008553
547.635010	15717.050202
548.382568	6818.341547
549.130066	3891.859161
549.877502	3161.816962
550.624939	2915.505060
551.372314	2697.420777
552.119629	2538.476820
552.866882	2408.190391
553.614136	2285.888218
554.361328	2136.025299
555.108459	2002.939058
555.855591	1863.036864
556.602661	1756.500072
557.349670	1653.491448
558.096619	1562.154242
558.843567	1466.512063
559.590454	1381.760272
560.337280	1313.987801
561.084045	1265.852991
561.830811	1197.825168
562.577515	1163.115237
563.324158	1099.978342
564.070801	1055.380113
564.817383	995.446376
565.563904	952.267118
566.310364	907.330011
567.056824	886.128434
567.803223	848.797474
568.549561	819.775324
569.295837	762.475058
570.042114	725.356104
570.788330	677.379640
571.534485	651.119839
572.280640	626.775877
573.026733	608.004125
573.772766	618.739114
574.518738	684.710175
575.264709	1104.601066
576.010620	2719.862796
576.756470	5955.269065
577.502319	5619.534240
578.248047	5162.742933
578.993835	7051.999388
579.739502	5163.618499
580.485107	3013.772521
581.230713	1752.159652
581.976318	1228.577862
582.721802	1029.005084
583.467285	876.913827
584.212708	772.582385
584.958069	794.522248
585.703430	1037.989013
586.448669	1781.532873
587.193909	2761.191225
587.939148	2514.327630
588.684265	1704.484392
589.429382	1245.053563
590.174500	1203.078305
590.919495	1452.332032
591.664490	1993.440347
592.409424	2958.786212
593.154297	3655.824766
593.899170	3226.986710
594.643982	2429.746480
595.388733	1944.084231
596.133423	1803.640048
596.878113	1913.177626
597.622742	2224.586520
598.367310	2826.915587
599.111816	3460.623619
599.856323	3600.869274
600.600769	3186.465762
601.345215	2666.544966
602.089539	2315.693672
602.833862	2157.682241
603.578125	2213.837049
604.322388	2379.914392
605.066528	2612.828385
605.810669	2980.119220
606.554810	3493.756058
607.298828	4316.015557
608.042847	5737.116851
608.786804	8627.522182
609.530701	15082.703395
610.274597	29720.999725
611.018433	50333.816333
611.762207	53383.607366
612.505981	40247.685689
613.249634	29595.775453
613.993286	23399.587411
614.736938	19421.924243
615.480469	15507.970711
616.223999	11927.071376
616.967468	9414.946698
617.710938	7913.191755
618.454285	7225.292119
619.197632	7042.085558
619.940979	7226.250821
620.684204	7713.464793
621.427429	8548.515191
622.170593	9752.096755
622.913696	11128.923140
623.656799	12299.750686
624.399841	13111.739150
625.142822	13462.578822
625.885742	13646.552739
626.628662	13719.271379
627.371521	13863.498835
628.114319	14306.405634
628.857117	15253.746498
629.599854	17170.811157
630.342529	20198.095966
631.085144	22179.278172
631.827759	21032.382864
632.570313	18716.448179
633.312805	16640.390359
634.055237	14865.977077
634.797668	13281.690261
635.540039	11920.746728
636.282349	10850.257990
637.024658	10041.867070
637.766907	9544.420762
638.509094	9442.826865
639.251221	9733.096430
639.993347	10214.546690
640.735413	10557.153766
641.477417	10661.409462
642.219421	10487.981922
642.961304	10216.005831
643.703186	10091.276852
644.445068	10243.047991
645.186829	10609.461525
645.928589	11274.450042
646.670288	12192.852134
647.411987	13468.269654
648.153625	15263.190520
648.895203	17762.154031
649.636719	20938.916121
650.378174	24097.708970
651.119629	25886.076432
651.861023	26461.265625
652.602417	26402.453411
653.343689	26128.435738
654.084961	25877.406058
654.826172	26335.145096
655.567383	27805.393287
656.308472	30290.125537
657.049561	33484.618100
657.790649	36984.327792
658.531616	39793.611663
659.272583	41212.961108
660.013489	41033.724898
660.754395	39314.520456
661.495178	37063.847648
662.235962	34389.219113
662.976746	31065.901217
663.717407	27685.809292
664.458069	24821.419396
665.198669	22750.465248
665.939209	21237.108010
666.679749	20029.386014
667.420227	18645.267621
668.160645	16869.214999
668.901001	14783.935473
669.641357	12694.840209
670.381653	10798.309961
671.121887	9342.813471
671.862122	8169.533185
672.602234	7306.922613
673.342407	6641.453385
674.082458	6070.896749
674.822510	5645.132255
675.562439	5241.667876
676.302429	4941.598766
677.042297	4649.958392
677.782166	4463.066216
678.521973	4299.360518
679.261719	4160.381250
680.001465	4023.620641
680.741150	3878.459144
681.480774	3757.687097
682.220337	3654.702093
682.959900	3555.563489
683.699402	3447.488854
684.438843	3362.379716
685.178223	3289.183596
685.917603	3397.290109
686.656921	3702.939197
687.396179	4106.502270
688.135437	4025.103342
688.874634	3561.290028
689.613770	3109.760532
690.352905	2993.196536
691.091919	2754.364396
691.830933	2474.642097
692.569885	2507.566169
693.308838	2927.805412
694.047729	2830.684356
694.786560	2337.410643
695.525330	1964.480922
696.264099	1725.455961
697.002808	1567.872156
697.741455	1486.588214
698.480042	1422.128313
699.218628	1384.707537
699.957153	1332.120048
700.695618	1338.415263
701.434082	1317.643483
702.172485	1334.893911
702.910828	1422.072018
703.649109	1592.198080
704.387390	1806.500602
705.125610	2314.380640
705.863770	3335.563077
706.601929	4555.260202
707.339966	4841.403251
708.078003	4923.565343
708.816040	5699.286351
709.553955	4665.841140
710.291870	3199.058384
711.029724	3097.509780
711.767578	4147.257535
712.505310	4329.850148
713.243042	3002.127589
713.980774	1868.484065
714.718384	1205.243123
715.455994	878.222998
716.193542	715.869529
716.931030	655.697309
717.668518	601.604530
718.405945	586.207001
719.143311	555.047691
719.880676	536.659946
720.617920	499.109946
721.355164	504.262719
722.092407	475.208668
722.829529	470.274624
723.566650	429.448630
724.303711	423.358964
725.040710	408.448188
725.777710	405.406251
726.514648	387.446035
727.251526	382.505172
727.988403	373.132458
728.725159	360.390257
729.461975	331.852339
730.198669	342.930145
730.935303	315.979652
731.671936	317.391990
732.408508	291.575954
733.145081	285.144184
733.881592	264.106455
734.617981	266.926406
735.354431	245.714985
736.090759	263.938442
736.827087	231.117089
737.563354	240.639993
738.299561	226.232729
739.035767	237.983806
739.771912	234.893176
740.507996	252.184194
741.244080	276.628451
741.980042	351.272337
742.716003	355.558225
743.451965	325.819004
744.187805	251.432730
744.923645	239.405501
745.659424	225.383472
746.395142	250.614949
747.130859	242.923910
747.866516	216.552549
748.602112	181.752725
749.337708	192.925685
750.073242	174.432536
750.808716	190.983244
751.544128	167.720752
752.279480	175.605528
753.014832	158.281845
753.750122	171.692478
754.485413	158.279562
755.220642	148.873041
755.955750	139.415418
756.690918	148.759515
757.425964	136.307650
758.161011	148.778842
758.895996	126.937656
759.630920	140.577930
760.365845	123.865825
761.100708	138.132782
761.835510	125.609165
762.570313	143.584407
763.304993	145.623316
764.039673	160.907979
764.774353	130.519938
765.508911	144.730465
766.243469	121.086447
766.977966	135.587354
767.712402	120.032785
768.446838	126.114914
769.181213	124.067500
769.915527	135.996813
770.649841	121.539023
771.384033	145.305127
772.118225	189.706642
772.852417	256.193223
773.586487	194.973238
774.320557	175.916810
775.054565	142.981243
775.788574	125.818905
776.522461	117.265995
777.256348	114.997215
777.990234	101.723188
778.723999	118.685470
779.457764	96.446568
780.191467	113.700380
780.925110	103.442640
781.658752	111.144458
782.392334	109.139168
783.125854	107.766633
783.859314	104.354474
784.592773	107.681626
785.326172	92.673613
786.059509	103.907104
786.792847	95.549940
787.526123	115.881986
788.259338	99.023108
788.992493	113.237084
789.725647	95.094607
790.458740	99.945040
791.191772	97.095705
791.924744	108.729203
792.657715	105.862918
793.390625	118.506398
794.123535	117.239585
794.856323	140.020900
795.589111	122.651689
796.321838	128.264444
797.054565	117.619702
797.787170	127.878167
798.519775	123.105229
799.252319	136.490487
799.984863	130.857667
800.717346	152.476982
801.449768	148.218941
802.182129	164.919709
802.914490	170.079261
803.646790	215.965792
804.379028	241.723219
805.111206	237.993565
805.843384	211.883053
806.575500	196.693568
807.307556	167.262451
808.039612	156.184297
808.771606	137.308374
809.503540	150.902028
810.235413	167.284941
810.967285	230.282942
811.699097	244.429179
812.430847	188.858287
813.162537	170.827446
813.894226	162.109966
814.625854	142.869636
815.357422	156.323512
816.088989	154.964627
816.820496	166.549706
817.551941	151.980358
818.283325	166.397088
819.014709	190.019181
819.746033	213.557320
820.477295	228.357704
821.208557	246.288191
821.939697	213.350257
822.670837	216.565568
823.401978	189.275664
824.132996	190.812446
824.864014	162.736345
825.594971	191.088111
826.325928	204.951331
827.056824	201.998311
827.787659	189.561261
828.518433	182.654194
829.249146	168.289210
829.979858	185.349545
830.710510	166.857598
831.441162	176.989390
832.171692	169.558656
832.902222	179.388984
833.632690	163.729982
834.363159	175.286831
835.093567	175.526830
835.823914	177.610323
836.554199	168.475156
837.284424	193.216114
838.014648	180.037618
838.744812	200.479076
839.474976	198.207624
840.205017	235.532934
840.935059	254.589063
841.665100	266.669511
842.395020	263.159442
843.124939	236.040069
843.854797	217.677731
844.584595	215.918835
845.314392	203.259342
846.044128	212.605178
846.773804	213.619599
847.503418	223.560549
848.233032	223.778872
848.962585	230.228071
849.692078	258.912020
850.421570	269.794357
851.151001	249.633706
851.880371	265.076591
852.609680	233.595522
853.338989	207.845788
854.068237	188.518093
854.797424	178.453844
855.526550	165.970876
856.255676	162.199982
856.984741	159.121565
857.713745	174.042095
858.442749	154.796200
859.171692	171.917125
859.900574	172.973190
860.629395	195.224507
861.358215	200.274404
862.086975	259.792999
862.815674	260.332678
863.544373	254.117582
864.272949	228.836714
865.001526	209.460029
865.730103	172.256444
866.458557	171.809050
867.187012	153.407897
867.915405	157.939606
868.643799	142.265312
869.372131	134.189765
870.100403	123.725082
870.828613	136.822737
871.556763	125.952303
872.284912	138.325698
873.013000	117.164715
873.741089	131.895653
874.469055	125.604141
875.197021	144.756468
875.924927	145.349121
876.652832	145.533888
877.380615	144.978172
878.108459	154.622475
878.836182	129.255342
879.563843	136.687360
880.291504	121.867740
881.019104	131.790170
881.746704	123.311946
882.474182	139.151053
883.201660	121.966001
883.929138	134.433205
884.656494	124.327338
885.383850	130.322178
886.111145	126.337743
886.838379	142.449294
887.565613	127.535731
888.292786	141.564562
889.019897	133.805234
889.746948	142.147977
890.473999	134.171434
891.200989	143.165595
891.927917	142.650296
892.654846	137.443863
893.381653	134.640159
894.108521	154.486951
894.835266	129.271451
895.562012	138.770452
896.288635	133.700820
897.015320	147.292801
897.741882	150.142512
898.468445	150.092595
899.194946	147.824472
899.921387	133.038910
900.647827	135.472228
901.374146	150.893382
902.100525	134.249039
902.826782	146.929954
903.553040	135.258123
904.279236	150.829398
905.005371	138.751606
905.731445	151.190743
906.457520	156.813192
907.183533	150.147920
907.909485	129.160396
908.635437	147.258490
909.361328	130.912166
910.087158	146.637215
910.812927	132.935691
911.538696	226.796258
912.264404	300.281974
912.990051	248.650791
913.715698	187.682412
914.441284	167.858379
915.166809	137.065584
915.892273	160.088871
916.617737	129.589023
917.343140	147.752350
918.068481	135.727122
918.793762	132.482888
919.519043	131.920743
920.244263	138.467843
920.969421	145.301940
921.694580	161.746497
922.419678	153.664372
923.144714	182.688670
923.869690	246.502241
924.594666	268.425625
925.319580	212.516678
926.044434	179.699304
926.769226	154.343820
927.494019	165.304790
928.218750	147.108990
928.943481	159.795837
929.668091	147.151665
930.392700	159.303350
931.117249	140.877774
931.841797	144.556920
932.566223	132.618478
933.290649	161.943207
934.015076	188.297446
934.739380	184.027135
935.463684	164.510455
936.187927	179.907098
936.912109	159.168150
937.636292	188.374456
938.360413	168.698426
939.084473	201.595145
939.808472	159.478348
940.532471	217.023928
941.256409	211.524156
941.980286	229.728984
942.704163	230.621132
943.427979	270.447943
944.151733	230.803215
944.875427	275.584850
945.599121	208.174454
946.322754	235.006956
947.046326	206.812883
947.769897	216.230836
948.493347	204.545037
949.216797	213.500722
949.940247	191.447944
950.663574	215.712653
951.386902	183.022007
952.110168	251.399371
952.833435	221.926780
953.556580	204.926165
954.279724	206.762869
955.002869	185.938621
955.725891	167.087947
956.448914	191.042790
