193.701462	373.339025
194.469650	212.171632
195.237793	705.955225
196.005890	392.247549
196.773941	209.956482
197.541962	309.176525
198.309921	258.900696
199.077850	178.893701
199.845718	205.612678
200.613556	191.177171
201.381348	148.748355
202.149094	231.371129
202.916794	136.370672
203.684448	95.183814
204.452057	122.862526
205.219635	70.618644
205.987152	88.245701
206.754639	174.361530
207.522064	18.372931
208.289459	78.013051
209.056808	130.062224
209.824112	54.297774
210.591370	131.423907
211.358582	26.153919
212.125763	64.571762
212.892883	79.505392
213.659973	22.483419
214.427002	102.168953
215.194000	54.573504
215.960953	39.782706
216.727859	59.302705
217.494720	22.728442
218.261536	98.104752
219.028305	22.583202
219.795044	52.387117
220.561722	34.080676
221.328369	59.205373
222.094955	44.735680
222.861511	32.647644
223.628021	40.196741
224.394485	24.429548
225.160904	56.047320
225.927277	36.040761
226.693604	36.655611
227.459900	26.613625
228.226135	30.953595
228.992340	19.010729
229.758484	23.925224
230.524597	28.184920
231.290665	22.968323
232.056686	16.606335
232.822662	9.490972
233.588593	28.502441
234.354492	18.217467
235.120331	34.721236
235.886124	13.459238
236.651886	20.506584
237.417603	5.456367
238.183273	23.124900
238.948883	16.991734
239.714462	21.912827
240.480011	13.709753
241.245499	22.721926
242.010941	15.662931
242.776352	24.953344
243.541702	13.598364
244.307022	20.356113
245.072281	11.430370
245.837509	16.391010
246.602692	16.956631
247.367828	21.849239
248.132919	18.087628
248.897980	14.578846
249.662979	19.219401
250.427933	29.364992
251.192856	11.029840
251.957733	22.422530
252.722549	25.321104
253.487335	23.788715
254.252075	10.086782
255.016769	21.197425
255.781433	18.665774
256.546021	24.532502
257.310608	8.390360
258.075104	20.151494
258.839600	16.394173
259.604004	15.370668
260.368408	16.465176
261.132751	23.718666
261.897034	13.182942
262.661285	17.938973
263.425507	4.077149
264.189667	15.097075
264.953796	19.943171
265.717865	12.197836
266.481903	14.443486
267.245880	23.740463
268.009827	22.075710
268.773743	25.932079
269.537598	22.244240
270.301392	32.131901
271.065155	23.484531
271.828888	22.393760
272.592560	22.838147
273.356201	34.886296
274.119781	17.846944
274.883331	16.450392
275.646851	15.713812
276.410309	27.306300
277.173706	15.763450
277.937073	21.531253
278.700409	17.707498
279.463684	13.072977
280.226929	20.622539
280.990112	17.713013
281.753265	11.717720
282.516357	19.101150
283.279419	23.695163
284.042450	21.679067
284.805420	12.992691
285.568329	16.112784
286.331238	20.178537
287.094055	21.193961
287.856842	13.939529
288.619598	13.811296
289.382324	8.477946
290.144989	13.927655
290.907593	15.116120
291.670166	21.320234
292.432709	8.332996
293.195190	12.471098
293.957611	15.446115
294.720032	21.077644
295.482361	16.451615
296.244690	12.963457
297.006958	11.474339
297.769165	13.873040
298.531342	14.333338
299.293457	15.316127
300.055573	11.615911
300.817596	18.998287
301.579590	19.103866
302.341553	17.146910
303.103455	21.179721
303.865326	8.506745
304.627167	11.692816
305.388916	11.475904
306.150665	21.347709
306.912354	14.901946
307.674011	25.186438
308.435608	15.121807
309.197144	14.568171
309.958679	14.017800
310.720123	18.075365
311.481567	10.642788
312.242950	17.460014
313.004272	9.597571
313.765564	18.985391
314.526825	10.038966
315.288025	12.447296
316.049164	6.295415
316.810303	20.152587
317.571350	16.095070
318.332397	17.830052
319.093384	12.177191
319.854309	16.614946
320.615204	14.329836
321.376068	17.931461
322.136871	16.447070
322.897614	13.400029
323.658325	16.348436
324.419006	15.992804
325.179626	20.647664
325.940216	16.231894
326.700775	13.082084
327.461243	8.236073
328.221710	16.435756
328.982117	20.422182
329.742493	21.151348
330.502808	10.014700
331.263062	15.996302
332.023315	12.594577
332.783478	22.393422
333.543640	15.014217
334.303741	18.822001
335.063782	14.670058
335.823792	19.227134
336.583771	11.888822
337.343689	17.961016
338.103546	13.987643
338.863403	17.162203
339.623169	11.226954
340.382935	19.545435
341.142609	14.375523
341.902283	11.937374
342.661896	11.917111
343.421448	14.302887
344.180969	15.021910
344.940460	15.281252
345.699890	13.888992
346.459290	21.282847
347.218628	16.603664
347.977936	13.583763
348.737183	8.676050
349.496399	16.699222
350.255585	13.136796
351.014709	15.719562
351.773773	11.037085
352.532806	15.371219
353.291809	14.055620
354.050751	15.506226
354.809662	13.630686
355.568542	17.564892
356.327332	15.119302
357.086121	14.127002
357.844849	7.732573
358.603516	10.086489
359.362152	9.373594
360.120758	15.258058
360.879303	5.728893
361.637817	17.788198
362.396271	14.994112
363.154694	20.416570
363.913086	10.411028
364.671417	16.969536
365.429688	14.733042
366.187927	11.925006
366.946136	15.072730
367.704285	22.089574
368.462402	11.786696
369.220459	18.440718
369.978485	10.647052
370.736450	13.514822
371.494385	13.107915
372.252258	18.903411
373.010101	9.961485
373.767914	18.487575
374.525665	11.479813
375.283386	18.363499
376.041046	9.814575
376.798676	17.905762
377.556244	6.310401
378.313782	16.252253
379.071259	14.128102
379.828705	13.173742
380.586121	12.866158
381.343475	11.561953
382.100800	13.525348
382.858063	15.482380
383.615295	7.476864
384.372467	11.082129
385.129608	10.094366
385.886688	11.995526
386.643738	10.915464
387.400726	11.855346
388.157715	12.163373
388.914612	12.959743
389.671478	5.465545
390.428314	18.901469
391.185089	9.858950
391.941833	13.587739
392.698517	5.508884
393.455170	16.080637
394.211792	7.568447
394.968353	16.294093
395.724854	13.512686
396.481323	15.414462
397.237762	12.682966
397.994141	18.150569
398.750488	15.715683
399.506775	17.431557
400.263031	15.604672
401.019257	12.909284
401.775421	12.145340
402.531525	19.832028
403.287598	14.667889
404.043640	31.785431
404.799622	25.289490
405.555573	25.945942
406.311462	10.536453
407.067322	18.703708
407.823120	11.509460
408.578888	22.877257
409.334625	16.078848
410.090302	26.548455
410.845917	17.015078
411.601532	23.571495
412.357056	14.858764
413.112549	30.675995
413.868011	20.172927
414.623444	25.535453
415.378784	20.238906
416.134125	34.897285
416.889404	29.991742
417.644623	39.305375
418.399841	38.890159
419.154968	44.350107
419.910065	43.265547
420.665131	54.932680
421.420166	47.578208
422.175110	66.648149
422.930054	70.716124
423.684937	82.750958
424.439758	82.780405
425.194550	102.350955
425.949310	105.950787
426.704010	120.859693
427.458679	121.291691
428.213287	141.374721
428.967865	143.822617
429.722382	166.593488
430.476868	174.436483
431.231323	196.886157
431.985718	213.000159
432.740051	248.371661
433.494385	301.963908
434.248627	438.939545
435.002838	742.738097
435.757019	1157.409173
436.511169	846.177482
437.265228	511.469969
438.019287	384.920890
438.773285	369.131341
439.527222	372.312873
440.281158	400.418638
441.035004	413.207367
441.788818	428.056400
442.542603	435.814802
443.296326	452.664555
444.050018	456.927574
444.803680	479.069424
445.557281	478.663543
446.310822	496.598299
447.064331	500.224975
447.817810	506.314833
448.571228	504.467665
449.324615	516.555703
450.077942	509.467294
450.831238	503.403970
451.584473	504.227783
452.337677	516.574998
453.090851	506.349901
453.843964	510.965706
454.597015	496.727657
455.350037	490.689646
456.103027	480.954307
456.855957	482.498793
457.608856	460.115742
458.361694	458.195288
459.114502	445.715727
459.867279	438.748753
460.619995	422.665851
461.372650	416.213099
462.125275	400.481093
462.877869	396.763639
463.630402	377.400528
464.382904	373.372947
465.135345	357.230114
465.887756	344.146875
466.640106	325.409376
467.392426	313.294914
468.144714	302.503548
468.896942	296.590060
469.649139	281.017348
470.401276	276.513961
471.153351	260.170624
471.905426	262.098243
472.657440	249.408843
473.409393	238.318798
474.161316	233.744305
474.913177	224.155681
475.665009	219.211545
476.416809	221.449939
477.168549	216.284734
477.920258	214.776804
478.671906	208.657739
479.423523	205.473807
480.175079	205.737522
480.926605	206.097373
481.678070	204.145700
482.429504	197.667407
483.180908	191.921605
483.932251	198.233012
484.683563	196.708834
485.434814	193.327808
486.186005	194.711760
486.937195	197.115909
487.688324	197.077853
488.439392	200.482048
489.190430	203.376032
489.941406	207.918788
490.692352	216.435373
491.443268	236.960708
492.194122	238.775146
492.944946	234.416728
493.695709	236.592196
494.446442	248.628233
495.197113	267.321856
495.947754	287.563935
496.698364	302.330077
497.448914	320.628336
498.199402	347.227912
498.949860	367.087832
499.700287	400.714769
500.450653	432.586893
501.200989	474.060633
501.951263	508.924353
502.701508	546.978480
503.451721	588.637200
504.201874	645.287517
504.951965	691.483065
505.702026	752.101584
506.452057	809.690482
507.202026	870.559130
507.951965	933.779317
508.701843	988.389867
509.451691	1038.768445
510.201477	1087.638555
510.951233	1141.965025
511.700958	1183.165415
512.450623	1214.532764
513.200256	1242.886320
513.949829	1248.986451
514.699341	1275.658854
515.448853	1269.784230
516.198303	1266.209749
516.947693	1243.219093
517.697021	1238.568400
518.446350	1217.966319
519.195618	1198.750819
519.944824	1160.256188
520.694031	1139.420027
521.443176	1098.871636
522.192261	1077.363112
522.941284	1038.435891
523.690308	1009.119675
524.439270	981.162148
525.188171	944.796313
525.937012	923.221299
526.685852	894.138498
527.434631	854.094585
528.183411	831.190325
528.932068	796.492963
529.680725	779.468665
530.429321	740.662058
531.177917	717.682111
531.926392	686.044151
532.674866	675.052772
533.423279	644.579248
534.171692	618.187780
534.920044	577.730785
535.668335	565.231058
536.416565	535.925161
537.164795	512.765658
537.912964	486.957576
538.661072	474.633072
539.409119	439.541107
540.157166	419.288470
540.905151	403.367488
541.653076	383.637042
542.401001	364.771519
543.148865	376.212027
543.896667	475.902899
544.644409	966.458506
545.392151	2540.968969
546.139832	4047.502587
546.887451	2508.448581
547.635010	1138.593632
548.382568	500.166223
549.130066	283.774901
549.877502	230.716113
550.624939	214.803272
551.372314	194.590498
552.119629	186.749344
552.866882	168.560020
553.614136	169.722237
554.361328	158.732318
555.108459	155.222028
555.855591	133.421184
556.602661	135.570278
557.349670	118.301729
558.096619	118.702588
558.843567	106.604248
559.590454	107.282799
560.337280	94.978609
561.084045	96.934688
561.830811	86.103822
562.577515	91.176592
563.324158	79.709846
564.070801	83.984597
564.817383	68.975673
565.563904	78.680851
566.310364	66.837332
567.056824	73.505370
567.803223	61.247951
568.549561	66.585688
569.295837	54.265843
570.042114	58.185072
570.788330	49.644797
571.534485	58.494513
572.280640	48.495721
573.026733	53.528751
573.772766	47.180542
574.518738	58.928866
575.264709	76.995836
576.010620	189.631326
576.756470	398.207250
577.502319	384.435306
578.248047	347.025075
578.993835	484.409861
579.739502	349.733398
580.485107	218.685602
581.230713	122.133707
581.976318	91.195133
582.721802	73.154228
583.467285	69.502918
584.212708	55.806460
584.958069	63.066259
585.703430	70.816864
586.448669	128.241722
587.193909	182.946619
587.939148	178.345252
588.684265	118.853646
589.429382	96.342302
590.174500	83.445580
590.919495	108.882148
591.664490	141.064588
592.409424	210.431736
593.154297	250.436742
593.899170	229.337213
594.643982	170.061329
595.388733	145.323649
596.133423	122.011504
596.878113	139.480746
597.622742	157.337209
598.367310	201.569388
599.111816	235.698687
599.856323	255.457752
600.600769	224.004456
601.345215	195.094432
602.089539	164.041837
602.833862	166.115410
603.578125	150.764814
604.322388	179.187005
605.066528	188.463474
605.810669	213.717946
606.554810	237.367715
607.298828	302.135555
608.042847	397.490998
608.786804	593.598272
609.530701	1023.725598
610.274597	2023.611430
611.018433	3486.348029
611.762207	3711.757359
612.505981	2797.690526
613.249634	2070.714430
613.993286	1633.814582
614.736938	1362.790051
615.480469	1080.001652
616.223999	836.801200
616.967468	665.029193
617.710938	553.882496
618.454285	492.914893
619.197632	498.423578
619.940979	497.803838
620.684204	535.768401
621.427429	580.035277
622.170593	680.955861
622.913696	763.605899
623.656799	850.284817
624.399841	908.054725
625.142822	938.340062
625.885742	953.833906
626.628662	950.699218
627.371521	964.945619
628.114319	997.659208
628.857117	1050.253138
629.599854	1188.405392
630.342529	1398.837552
631.085144	1536.400041
631.827759	1449.983852
632.570313	1296.025083
633.312805	1145.190283
634.055237	1034.008991
634.797668	916.019572
635.540039	839.903914
636.282349	759.003245
637.024658	701.480696
637.766907	664.070068
638.509094	667.700949
639.251221	676.881283
639.993347	723.076094
640.735413	743.391693
641.477417	755.038055
642.219421	732.695788
642.961304	715.521100
643.703186	702.778577
644.445068	714.470938
645.186829	737.344669
645.928589	779.707202
646.670288	833.970604
647.411987	923.407695
648.153625	1050.577790
648.895203	1213.433001
649.636719	1417.816315
650.378174	1637.426560
651.119629	1760.487659
651.861023	1807.892583
652.602417	1799.404110
653.343689	1792.675584
654.084961	1779.184201
654.826172	1812.406810
655.567383	1903.027812
656.308472	2070.938105
657.049561	2283.319049
657.790649	2527.614480
658.531616	2729.032687
659.272583	2834.404388
660.013489	2808.774332
660.754395	2693.069196
661.495178	2525.674160
662.235962	2355.860167
662.976746	2132.567490
663.717407	1882.824736
664.458069	1697.526494
665.198669	1561.312983
665.939209	1447.488759
666.679749	1369.970403
667.420227	1279.002906
668.160645	1154.579208
668.901001	1022.890193
669.641357	878.022882
670.381653	751.477786
671.121887	647.692249
671.862122	563.665025
672.602234	508.228501
673.342407	465.360105
674.082458	420.714565
674.822510	389.859039
675.562439	360.304329
676.302429	338.420070
677.042297	329.516748
677.782166	312.395776
678.521973	296.962822
679.261719	290.450083
680.001465	279.396525
680.741150	272.894902
681.480774	263.300065
682.220337	255.808051
682.959900	252.548848
683.699402	244.201756
684.438843	232.739096
685.178223	230.176134
685.917603	234.518373
686.656921	262.547972
687.396179	285.575814
688.135437	282.893262
688.874634	249.213432
689.613770	217.620837
690.352905	211.976759
691.091919	201.199018
691.830933	175.167285
692.569885	182.832909
693.308838	202.606635
694.047729	208.385029
694.786560	167.924825
695.525330	145.297203
696.264099	121.155480
697.002808	110.650862
697.741455	105.638439
698.480042	113.346624
699.218628	99.310728
699.957153	105.488712
700.695618	94.832267
701.434082	103.785431
702.172485	97.536370
702.910828	101.878084
703.649109	114.128685
704.387390	129.404174
705.125610	159.307491
705.863770	238.887396
706.601929	303.914514
707.339966	332.508886
708.078003	335.256386
708.816040	395.544290
709.553955	327.677570
710.291870	235.207800
711.029724	221.890993
711.767578	289.720882
712.505310	298.141947
713.243042	217.535258
713.980774	139.555316
714.718384	91.936367
715.455994	64.167303
716.193542	63.664759
716.931030	47.901529
717.668518	56.078699
718.405945	49.856241
719.143311	52.423217
719.880676	50.114660
720.617920	48.775803
721.355164	43.272983
722.092407	47.330530
722.829529	40.699296
723.566650	39.892032
724.303711	29.539672
725.040710	42.627420
725.777710	29.179912
726.514648	38.796680
727.251526	37.193441
727.988403	38.451084
728.725159	31.891782
729.461975	34.356787
730.198669	28.214937
730.935303	39.282527
731.671936	30.316453
732.408508	34.904176
733.145081	28.954744
733.881592	27.983025
734.617981	22.645865
735.354431	32.323860
736.090759	24.887162
736.827087	31.878219
737.563354	25.294929
738.299561	26.009990
739.035767	18.777453
739.771912	33.185489
740.507996	28.293836
741.244080	34.836734
741.980042	36.243478
742.716003	38.218715
743.451965	37.796108
744.187805	27.230483
744.923645	28.189859
745.659424	30.190255
746.395142	34.010038
747.130859	39.974821
747.866516	26.333686
748.602112	28.609225
749.337708	27.420910
750.073242	28.274951
750.808716	22.394053
751.544128	26.608862
752.279480	21.738948
753.014832	29.437863
753.750122	26.425215
754.485413	24.241014
755.220642	19.430646
755.955750	27.825711
756.690918	25.727491
757.425964	32.309962
758.161011	17.222454
758.895996	24.054396
759.630920	25.743695
760.365845	30.310696
761.100708	23.119682
761.835510	23.981261
762.570313	20.470282
763.304993	25.852886
764.039673	23.508334
764.774353	24.748702
765.508911	25.279785
766.243469	29.569340
766.977966	24.598361
767.712402	30.933233
768.446838	22.795419
769.181213	31.758905
769.915527	26.572374
770.649841	33.827364
771.384033	30.409217
772.118225	44.009538
772.852417	46.840736
773.586487	52.638236
774.320557	34.698492
775.054565	36.238088
775.788574	24.131732
776.522461	37.616494
777.256348	31.113305
777.990234	34.876522
778.723999	35.421632
779.457764	40.673952
780.191467	27.152330
780.925110	35.973336
781.658752	30.607236
782.392334	40.421914
783.125854	30.255755
783.859314	45.282948
784.592773	33.591644
785.326172	39.335150
786.059509	31.251450
786.792847	41.404974
787.526123	36.878766
788.259338	36.994140
788.992493	36.574460
789.725647	38.807580
790.458740	33.584117
791.191772	43.514463
791.924744	36.352234
792.657715	47.376923
793.390625	44.133417
794.123535	64.859434
794.856323	59.042971
795.589111	63.320181
796.321838	41.977454
797.054565	55.732108
797.787170	57.076512
798.519775	58.011231
799.252319	48.831379
799.984863	64.155899
800.717346	62.322618
801.449768	81.657657
802.182129	70.189553
802.914490	76.837839
803.646790	100.784037
804.379028	119.552639
805.111206	116.899923
805.843384	107.431192
806.575500	92.458281
807.307556	84.694334
808.039612	65.239298
808.771606	72.024806
809.503540	73.758488
810.235413	97.717356
810.967285	113.788987
811.699097	126.297482
812.430847	98.613865
813.162537	93.673711
813.894226	90.243034
814.625854	80.226796
815.357422	84.583496
816.088989	94.414315
816.820496	91.012782
817.551941	97.675181
818.283325	93.123008
819.014709	115.720381
819.746033	117.148241
820.477295	139.666036
821.208557	139.344802
821.939697	141.478950
822.670837	119.281736
823.401978	120.741547
824.132996	106.976362
824.864014	101.041698
825.594971	113.081229
826.325928	131.398704
827.056824	122.813436
827.787659	123.426298
828.518433	107.704319
829.249146	107.782916
829.979858	105.914026
830.710510	104.480926
831.441162	104.168673
832.171692	115.502112
832.902222	104.822507
833.632690	108.301585
834.363159	106.115346
835.093567	111.055609
835.823914	111.472556
836.554199	118.761175
837.284424	114.549553
838.014648	122.914085
838.744812	122.151445
839.474976	138.270588
840.205017	161.247946
840.935059	170.121674
841.665100	176.725384
842.395020	177.359534
843.124939	148.661752
843.854797	142.937745
844.584595	136.296270
845.314392	142.321630
846.044128	145.540456
846.773804	140.539210
847.503418	153.471296
848.233032	157.689780
848.962585	163.445886
849.692078	180.173842
850.421570	172.222112
851.151001	173.277556
851.880371	179.083879
852.609680	160.357994
853.338989	141.713037
854.068237	131.801194
854.797424	113.728594
855.526550	121.807833
856.255676	106.565184
856.984741	120.207072
857.713745	112.483140
858.442749	113.941500
859.171692	114.679800
859.900574	129.472185
860.629395	124.968554
861.358215	140.565265
862.086975	172.640664
862.815674	198.210195
863.544373	178.298894
864.272949	157.155442
865.001526	141.180682
865.730103	119.839759
866.458557	111.718200
867.187012	116.801599
867.915405	101.593584
868.643799	100.334483
869.372131	98.276799
870.100403	94.575194
870.828613	84.098052
871.556763	86.893924
872.284912	87.167146
873.013000	89.752593
873.741089	82.518191
874.469055	90.900680
875.197021	92.301947
875.924927	106.694845
876.652832	104.147689
877.380615	104.858426
878.108459	105.299282
878.836182	103.542023
879.563843	90.894793
880.291504	96.440449
881.019104	83.803854
881.746704	88.572946
882.474182	95.982080
883.201660	95.371910
883.929138	93.737439
884.656494	89.360274
885.383850	82.994650
886.111145	89.193071
886.838379	89.059575
887.565613	93.464813
888.292786	93.763541
889.019897	103.457655
889.746948	93.536594
890.473999	102.764695
891.200989	103.951680
891.927917	105.306072
892.654846	97.608438
893.381653	113.022542
894.108521	88.043475
894.835266	89.258859
895.562012	90.918572
896.288635	96.428109
897.015320	95.776600
897.741882	101.298073
898.468445	95.469525
899.194946	104.688806
899.921387	91.387686
900.647827	89.821295
901.374146	93.504424
902.100525	101.366678
902.826782	95.319265
903.553040	102.062906
904.279236	103.490622
905.005371	85.189405
905.731445	90.560953
906.457520	101.227378
907.183533	102.558664
907.909485	92.403287
908.635437	81.810272
909.361328	87.532987
910.087158	97.058622
910.812927	106.666961
911.538696	164.533267
912.264404	208.800108
912.990051	167.614917
913.715698	143.615537
914.441284	111.276903
915.166809	104.559912
915.892273	105.451031
916.617737	90.196133
917.343140	87.677219
918.068481	84.385675
918.793762	93.371516
919.519043	77.978575
920.244263	80.655403
920.969421	92.439172
921.694580	101.620836
922.419678	99.782060
923.144714	120.167273
923.869690	170.543463
924.594666	182.410784
925.319580	159.087344
926.044434	137.488058
926.769226	112.359884
927.494019	106.658054
928.218750	92.715750
928.943481	107.909938
929.668091	102.025154
930.392700	86.412997
931.117249	91.603623
931.841797	85.328738
932.566223	88.526252
933.290649	93.812915
934.015076	119.791616
934.739380	104.437340
935.463684	110.337521
936.187927	118.295078
936.912109	101.798600
937.636292	105.526722
938.360413	113.633658
939.084473	110.984561
939.808472	107.062387
940.532471	143.921131
941.256409	109.875048
941.980286	114.559812
942.704163	140.544734
943.427979	173.766069
944.151733	182.692122
944.875427	160.864645
945.599121	109.465594
946.322754	105.628127
947.046326	122.696328
947.769897	121.038835
948.493347	147.150310
949.216797	143.316783
949.940247	110.868362
950.663574	110.665085
951.386902	126.318870
952.110168	146.790237
952.833435	140.975821
953.556580	141.218549
954.279724	141.855031
955.002869	118.137798
955.725891	86.337237
956.448914	101.140301
